SNV	cluster0	cluster1	cluster2	cluster3	cluster4	cluster5	cluster6	cluster7	cluster8	cluster9	cluster	dcf0	dcf1
0	0.7	0.0061	0.0035	0.002	0.0035	3.3e-05	0.29	0	0	0	0	0.41	0.48
1	0	0	0.39	0.22	0.39	0	0	0	0	0	2	0.23	0.32
2	0.04	0.75	0.049	0.028	0.049	4.8e-06	0.084	0	0	0	1	0.23	0.44
3	0	0.00015	0.39	0.22	0.39	0	0	0	0	0.0038	2	0.23	0.32
4	0.00092	0.011	0.38	0.22	0.38	0	0	0	0	0	2	0.23	0.32
5	2.6e-05	0.05	0.36	0.21	0.36	4.3e-05	0.0097	0	0	0	2	0.23	0.32
6	7.3e-05	0.17	0.32	0.19	0.32	0.00042	0.0061	0	0	0	2	0.23	0.32
7	0	0.0034	0.39	0.22	0.39	0	0	0	0	0	2	0.23	0.32
8	2.3e-06	4e-05	0.39	0.22	0.39	0	0	0	0	0	2	0.23	0.32
9	1	0	3.8e-05	2.2e-05	3.8e-05	0	0	0	0	0	0	0.41	0.48
10	1.9e-05	0.069	7.7e-06	4.5e-06	7.7e-06	0	0.93	0	0	0	6	0.35	0.64
11	0.011	0.11	0.34	0.2	0.34	0	0.0025	0	0	0	2	0.23	0.32
12	0	0.00048	0.39	0.22	0.39	0	0	0	0	0	2	0.23	0.32
13	0	0.015	0.38	0.22	0.38	0	0	0	0	0	2	0.23	0.32
14	0.0066	0.15	0.33	0.19	0.33	0	0.0012	0	0	0	2	0.23	0.32
15	0.0031	0.29	0.27	0.16	0.27	0	0.00051	0	0	0	1	0.23	0.44
16	0.0048	0.44	0.21	0.12	0.21	0	0.014	0	0	0	1	0.23	0.44
17	0	0	0.00097	0.00056	0.00097	0	0	0	0	1	9	0.23	0.071
18	2.3e-05	0.01	0.38	0.22	0.38	0	0	0	0	0	2	0.23	0.32
19	0.00039	0.0082	0.38	0.22	0.38	0	0.002	0	0	0	2	0.23	0.32
20	0	3.2e-05	0.39	0.22	0.39	0	0	0	0	0	2	0.23	0.32
21	0.0015	0.15	0.32	0.19	0.32	0.00087	0.014	0	0	0	2	0.23	0.32
22	0.092	0.025	0.32	0.18	0.32	0	0.061	0	0	0	2	0.23	0.32
23	0.00032	0.037	0.36	0.21	0.36	3e-05	0.025	0	0	0	2	0.23	0.32
24	0.00021	0.0022	0.2	0.12	0.2	0	2.7e-06	0	0	0.47	9	0.23	0.071
25	0	0.18	0.32	0.18	0.32	0	0	0	0	0	2	0.23	0.32
26	7.1e-06	0.01	0.38	0.22	0.38	0	0	0	0	0	2	0.23	0.32
27	0	0.0016	0.39	0.22	0.39	0	0	0	0	0	2	0.23	0.32
28	9.2e-05	0.78	0.082	0.048	0.082	0	0.0097	0	0	0	1	0.23	0.44
29	0.015	0.03	0.36	0.21	0.36	0	0.029	0	0	0	2	0.23	0.32
30	0.001	0.0041	0.28	0.16	0.28	0	0.26	0	0	0	2	0.23	0.32
31	0	0.00036	0.39	0.22	0.39	0	0	0	0	0	2	0.23	0.32
32	6.5e-05	0.019	0.38	0.22	0.38	0	0	0	0	0	2	0.23	0.32
33	0.061	0.079	0.28	0.16	0.28	0.00011	0.14	0	0	0	2	0.23	0.32
34	0.0011	0.079	0.32	0.18	0.32	0	0.11	0	0	0	2	0.23	0.32
35	0.0016	0.04	0.37	0.22	0.37	0	0	0	0	0	2	0.23	0.32
36	1.5e-05	0.0018	0.38	0.22	0.38	0	0.0079	0	0	0	2	0.23	0.32
37	0	0.0016	0.39	0.22	0.39	0	0	0	0	0	2	0.23	0.32
38	0	0.013	0.38	0.22	0.38	0	0.0024	0	0	0	2	0.23	0.32
39	0.0022	0.008	0.19	0.11	0.19	0	0.49	0	0	0	6	0.35	0.64
40	0	8.4e-05	0.39	0.22	0.39	0	0	0	0	0	2	0.23	0.32
41	1e-05	0.095	0.35	0.2	0.35	0	0	0	0	0	2	0.23	0.32
42	0.0038	0.024	0.35	0.2	0.35	0	0.064	0	0	0	2	0.23	0.32
43	0	0.0006	0.39	0.22	0.39	0	0	0	0	0	2	0.23	0.32
44	0.042	0.11	0.3	0.17	0.3	3.6e-05	0.085	0	0	0	2	0.23	0.32
45	0.00048	0.059	0.36	0.21	0.36	0	5.9e-06	0	0	0	2	0.23	0.32
46	0	0	0.39	0.22	0.39	0	0	0	0	0	2	0.23	0.32
47	0.014	0.057	0.36	0.21	0.36	0	0	0	0	0	2	0.23	0.32
48	0.022	0.0059	0.32	0.19	0.32	0	0.14	0	0	0	2	0.23	0.32
49	0.063	0.19	0.27	0.16	0.27	1.1e-05	0.039	0	0	0	2	0.23	0.32
50	0	0.016	0.38	0.22	0.38	0	0	0	0	0	2	0.23	0.32
51	0	0	0	0	0	0	0	1	0	0	7	0.13	0
52	0.03	0.026	0.36	0.21	0.36	0	0.015	0	0	0	2	0.23	0.32
53	0.39	0.4	0.02	0.011	0.02	6.1e-06	0.17	0	0	0	1	0.23	0.44
54	5.8e-05	5.6e-05	0.26	0.15	0.26	0	0.33	0	0	0	6	0.35	0.64
55	0	0.00074	0.39	0.22	0.39	0	0	0	0	0	2	0.23	0.32
56	0	0.013	0.38	0.22	0.38	0	0.0059	0	0	0	2	0.23	0.32
57	0	0	0.38	0.22	0.38	0	0	0.0083	0	0.0073	2	0.23	0.32
58	0.0017	0.034	0.28	0.16	0.28	0	0.24	0	0	0	2	0.23	0.32
59	0.014	0.031	0.33	0.19	0.33	0	0.12	0	0	0	2	0.23	0.32
60	0.0043	0.00039	0.2	0.12	0.2	0	0.47	0	0	0	6	0.35	0.64
61	0.002	0.017	0.14	0.083	0.14	0	0.61	0	0	0	6	0.35	0.64
62	0.046	0.11	0.33	0.19	0.33	0	3.2e-05	0	0	0	2	0.23	0.32
63	0.04	0.00039	0.36	0.21	0.36	0	0.022	0	0	0	2	0.23	0.32
64	0	0	0.39	0.22	0.39	0	0	0	0	0	2	0.23	0.32
65	0.00029	0.0074	0.38	0.22	0.38	0	0.007	0	0	0	2	0.23	0.32
66	0.23	0.044	0.19	0.11	0.19	0	0.24	0	0	0	6	0.35	0.64
67	0.00073	0.011	0.38	0.22	0.38	0	0	0	0	0	2	0.23	0.32
68	0.013	0.055	0.36	0.21	0.36	0	0	0	0	0	2	0.23	0.32
69	2e-05	0.0077	0.38	0.22	0.38	0	0.0057	0	0	0	2	0.23	0.32
70	0.44	0.43	0.047	0.027	0.047	0	0.0071	0	0	0	0	0.41	0.48
71	0.0067	0.26	0.28	0.16	0.28	0	0.0022	0	0	0	2	0.23	0.32
72	0	0	0	0	0	0	0	0	0	1	9	0.23	0.071
73	0	0.022	0.38	0.22	0.38	0	0	0	0	0	2	0.23	0.32
74	0.0018	0.012	0.38	0.22	0.38	0	0	0	0	0	2	0.23	0.32
75	0.00038	0.01	0.38	0.22	0.38	0	9.8e-05	0	0	0	2	0.23	0.32
76	0.02	0.065	0.34	0.2	0.34	0	0.036	0	0	0	2	0.23	0.32
77	0	0.027	0.38	0.22	0.38	0	0	0	0	0	2	0.23	0.32
78	0.04	0.28	0.26	0.15	0.26	0	0.00075	0	0	0	1	0.23	0.44
79	0	0.0047	0.39	0.22	0.39	0	0	0	0	0	2	0.23	0.32
80	9.4e-05	0.0029	0.39	0.22	0.39	0	0	0	0	0	2	0.23	0.32
81	0	0	0.31	0.18	0.31	0	0	0.21	0	4.2e-05	2	0.23	0.32
82	0	9.4e-05	0.39	0.22	0.39	0	0	0	0	0	2	0.23	0.32
83	0.57	0.00021	0.17	0.096	0.17	0	0.0023	0	0	0	0	0.41	0.48
84	0	0	0.28	0.16	0.28	0	0	0.27	0	0.0003	2	0.23	0.32
85	0	0	0.011	0.0066	0.011	0	0	0.97	0	0	7	0.13	0
86	0	0	0	0	0	0	0	0	0	1	9	0.23	0.071
87	0	0.0019	0.39	0.22	0.39	0	0	0	0	0	2	0.23	0.32
88	0.28	0	0.26	0.15	0.26	0	0.059	0	0	0	0	0.41	0.48
89	0	0	0	0	0	0	0	0	1	0	8	0	0.21
90	4.3e-05	0.0096	0.067	0.039	0.067	0	1.8e-05	0	0.82	0	8	0	0.21
91	0.038	0.35	0.22	0.13	0.22	0	0.048	0	0	0	1	0.23	0.44
92	0.0017	0.014	0.38	0.22	0.38	0	0.014	0	0	0	2	0.23	0.32
93	0	0	0	0	0	0	0	0	1	0	8	0	0.21
94	0.045	0.079	0.33	0.19	0.33	4.5e-06	0.015	0	0	0	2	0.23	0.32
95	0.13	0.19	0.19	0.11	0.19	0.00088	0.18	0	0	0	1	0.23	0.44
96	0.027	0.0007	0.38	0.22	0.38	0	0.00015	0	0	0	2	0.23	0.32
97	0.00042	0.0041	0.39	0.22	0.39	0	0	0	0	0	2	0.23	0.32
98	0.04	0.046	0.32	0.19	0.32	0	0.076	0	0	0	2	0.23	0.32
99	0.042	0.3	0.18	0.1	0.18	0.0019	0.19	0	0	0	1	0.23	0.44
100	0.026	0.0021	0.38	0.22	0.38	0	0	0	0	0	2	0.23	0.32
101	0.019	0.058	0.36	0.21	0.36	0	0.00043	0	0	0	2	0.23	0.32
102	0.049	0.081	0.33	0.19	0.33	3.5e-06	0.014	0	0	0	2	0.23	0.32
103	0	0	8e-05	4.6e-05	8e-05	0	0	1	0	0	7	0.13	0
104	0.0014	0.072	0.36	0.21	0.36	0	0.00079	0	0	0	2	0.23	0.32
105	8.1e-05	0.0041	0.39	0.22	0.39	0	0	0	0	0	2	0.23	0.32
106	0.0068	0	0.39	0.22	0.39	0	0	0	0	0	2	0.23	0.32
107	0	0	0.39	0.22	0.39	0	0	0	0	0	2	0.23	0.32
108	0.00017	0.056	0.36	0.21	0.36	0	0.0092	0	0	0	2	0.23	0.32
109	0	0	0.39	0.22	0.39	0	0	0	0	0	2	0.23	0.32
110	0.0025	0.023	0.38	0.22	0.38	0	0.0066	0	0	0	2	0.23	0.32
111	0.036	0.23	0.28	0.16	0.28	0	0	0	0	0	2	0.23	0.32
112	0.066	0.18	0.29	0.17	0.29	0	1.8e-05	0	0	0	2	0.23	0.32
113	0.063	0.27	0.26	0.15	0.26	0	0.0031	0	0	0	1	0.23	0.44
114	0	0	0	0	0	0	0	0	0	1	9	0.23	0.071
115	0.00028	0.0056	0.19	0.11	0.19	0	0.5	0	0	0	6	0.35	0.64
116	5.2e-06	5.1e-05	0.38	0.22	0.38	0	0.011	0	0	0	2	0.23	0.32
117	0.016	0.033	0.37	0.21	0.37	0	0.00068	0	0	0	2	0.23	0.32
118	0	0	0	0	0	0	0	0	0	1	9	0.23	0.071
119	0.018	0.33	0.25	0.15	0.25	0	0.0033	0	0	0	1	0.23	0.44
120	3.8e-05	0.72	0.11	0.063	0.11	0	0.00049	0	0	0	1	0.23	0.44
121	0.00016	0.0018	0.39	0.22	0.39	0	0	0	0	0	2	0.23	0.32
122	0.22	0.15	0.16	0.094	0.16	0	0.21	0	0	0	0	0.41	0.48
123	0.76	0.0053	0.085	0.049	0.085	0	0.011	0	0	0	0	0.41	0.48
124	0	0	0	0	0	0	0	0	1	0	8	0	0.21
125	0.34	0.021	0.21	0.12	0.21	0	0.082	0	0	0	0	0.41	0.48
126	0.072	0.095	0.29	0.17	0.29	0.00014	0.072	0	0	0	2	0.23	0.32
127	0.46	0.016	0.18	0.11	0.18	0	0.054	0	0	0	0	0.41	0.48
128	0.026	0.28	0.21	0.12	0.21	0.0011	0.14	0	0	0	1	0.23	0.44
129	0.96	0.0057	0.01	0.0061	0.01	0	0.0044	0	0	0	0	0.41	0.48
130	0.017	0.024	0.36	0.21	0.36	0	0.023	0	0	0	2	0.23	0.32
131	0.024	0.03	0.31	0.18	0.31	0	0.14	0	0	0	2	0.23	0.32
132	0.003	0.084	0.34	0.2	0.34	0	0.03	0	0	0	2	0.23	0.32
133	0.092	0.16	0.28	0.16	0.28	0	0.022	0	0	0	2	0.23	0.32
134	0.0081	0	0.025	0.015	0.025	0	0.93	0	0	0	6	0.35	0.64
135	0	0	0.38	0.22	0.38	0	0	0.0029	0	0.015	2	0.23	0.32
136	0.0013	0.00024	0.37	0.21	0.37	0	0.047	0	0	0	2	0.23	0.32
137	7e-06	0	0.39	0.22	0.39	0	0	0	0	0	2	0.23	0.32
138	6.9e-05	0.0043	0.39	0.22	0.39	0	0	0	0	0	2	0.23	0.32
139	0.031	0.014	0.37	0.21	0.37	0	0.0077	0	0	0	2	0.23	0.32
140	2.7e-05	0.0047	0.27	0.16	0.27	0	0.29	0	0	0	6	0.35	0.64
141	0	0	0	0	0	0	0	0	1	0	8	0	0.21
142	0	0.0042	0.39	0.22	0.39	0	0	0	0	0	2	0.23	0.32
143	0.003	0.017	0.38	0.22	0.38	0	0	0	0	0	2	0.23	0.32
144	0.0028	0.0006	0.39	0.22	0.39	0	1.4e-05	0	0	0	2	0.23	0.32
145	0.0081	0.12	0.29	0.17	0.29	0	0.12	0	0	0	2	0.23	0.32
146	0	0.001	0.38	0.22	0.38	0	0.019	0	0	0	2	0.23	0.32
147	0.0025	0.0021	0.35	0.2	0.35	0	0.096	0	0	0	2	0.23	0.32
148	0.016	0.097	0.34	0.2	0.34	0	0.00039	0	0	0	2	0.23	0.32
149	0.045	0.023	0.36	0.21	0.36	0	0.0013	0	0	0	2	0.23	0.32
150	0.0014	0.0087	0.38	0.22	0.38	0	2.8e-05	0	0	0	2	0.23	0.32
151	0.046	0.004	0.37	0.21	0.37	0	0.0014	0	0	0	2	0.23	0.32
152	0	0.0076	0.38	0.22	0.38	0	2e-06	0	0	0	2	0.23	0.32
153	0.0079	0.033	0.37	0.21	0.37	0.00022	0.0096	0	0	0	2	0.23	0.32
154	9.5e-05	0.00061	0.39	0.22	0.39	0.00025	7.8e-05	0	0	0	2	0.23	0.32
155	0.00023	0.049	0.37	0.21	0.37	1.5e-05	0.00014	0	0	0	2	0.23	0.32
156	7.4e-06	0.0027	0.39	0.22	0.39	5.1e-05	6.4e-05	0	0	0	2	0.23	0.32
157	0.7	0.11	0.0019	0.0011	0.0019	0	0.19	0	0	0	0	0.41	0.48
158	0.00013	0.0041	0.39	0.22	0.39	0	0	0	0	0	2	0.23	0.32
159	0.0083	0.11	0.32	0.19	0.32	0	0.052	0	0	0	2	0.23	0.32
160	0.00029	3.5e-06	4.1e-06	0	4.1e-06	8e-05	1	0	0	0	6	0.35	0.64
161	0.038	0.33	0.24	0.14	0.24	0	0.0029	0	0	0	1	0.23	0.44
162	0	0.00018	0.39	0.22	0.39	0	0	0	0	0	2	0.23	0.32
163	0	0	0.27	0.16	0.27	0	0	0	0	0.31	9	0.23	0.071
164	1.5e-05	0.00093	0.27	0.16	0.27	0	0	0	0	0.3	9	0.23	0.071
165	0.026	0.085	0.34	0.2	0.34	0	0	0	0	0	2	0.23	0.32
166	0.012	0.0097	0.35	0.2	0.35	0	0.073	0	0	0	2	0.23	0.32
167	0	0	0	0	0	0	0	0	0	1	9	0.23	0.071
168	7.8e-06	0.00036	0.39	0.22	0.39	0	0	0	0	0	2	0.23	0.32
169	0.0016	3e-06	0.078	0.045	0.078	0	0.8	0	0	0	6	0.35	0.64
170	9.8e-06	0.00071	0.39	0.22	0.39	0	0	0	0	0	2	0.23	0.32
171	0.0003	0.06	0.35	0.2	0.35	3.6e-05	0.031	0	0	0	2	0.23	0.32
172	0.59	0.0019	0.16	0.091	0.16	0	0.0051	0	0	0	0	0.41	0.48
173	0	0	0	0	0	0	0	0	0	1	9	0.23	0.071
174	0	0	0	0	0	0	0	1	0	0	7	0.13	0
175	0.0091	0.0013	0.38	0.22	0.38	0	0.0033	0	0	0	2	0.23	0.32
176	0.24	0.54	0.083	0.048	0.083	0	0.004	0	0	0	1	0.23	0.44
177	0.71	0.00038	0.11	0.064	0.11	0	0.0044	0	0	0	0	0.41	0.48
178	0	0.00053	0.39	0.22	0.39	0	0	0	0	0	2	0.23	0.32
179	6.7e-05	0.0055	0.39	0.22	0.39	0	0	0	0	0	2	0.23	0.32
180	0.93	3e-05	0.025	0.015	0.025	0	0.00066	0	0	0	0	0.41	0.48
181	0	0	0	0	0	0	0	0	1	0	8	0	0.21
182	0	1	0	0	0	0	0	0	0	0	1	0.23	0.44
183	0	1	0	0	0	0	0.0003	0	0	0	1	0.23	0.44
184	0.16	0.034	0.25	0.14	0.25	2.4e-06	0.17	0	0	0	2	0.23	0.32
185	0	0.96	0.015	0.0089	0.015	0	0	0	0	0	1	0.23	0.44
186	0	1	0.00011	6.3e-05	0.00011	0	0	0	0	0	1	0.23	0.44
187	0.75	0.044	0.08	0.046	0.08	0	0.00025	0	0	0	0	0.41	0.48
188	1	2.5e-05	0.00061	0.00035	0.00061	0	6.9e-05	0	0	0	0	0.41	0.48
189	1	0	1.1e-05	6.5e-06	1.1e-05	0	0	0	0	0	0	0.41	0.48
190	0.051	0.62	0.11	0.061	0.11	1.9e-06	0.054	0	0	0	1	0.23	0.44
191	1	0	8.5e-05	4.9e-05	8.5e-05	0	0	0	0	0	0	0.41	0.48
192	0.0022	0.028	0.033	0.019	0.033	0.0066	0.88	0	0	0	6	0.35	0.64
193	0.99	0	0.002	0.0012	0.002	0	4.8e-05	0	0	0	0	0.41	0.48
194	0.031	0.085	0.34	0.2	0.34	0	0.00016	0	0	0	2	0.23	0.32
195	0.015	0.34	0.25	0.14	0.25	0	0.0052	0	0	0	1	0.23	0.44
196	0	1	0	0	0	0	0.00076	0	0	0	1	0.23	0.44
197	0.0002	0.015	0.018	0.01	0.018	0.04	0.9	0	0	0	6	0.35	0.64
198	0	0.001	0.39	0.22	0.39	0	0	0	0	0	2	0.23	0.32
199	1.5e-05	0.0071	0.38	0.22	0.38	0	0	0	0	0	2	0.23	0.32
200	0	0	0.029	0.017	0.029	0	0	0	0.92	0.0003	8	0	0.21
201	0.52	0.45	0.011	0.0062	0.011	0	0	0	0	0	0	0.41	0.48
202	0.015	0.0051	0.36	0.21	0.36	0	0.044	0	0	0	2	0.23	0.32
203	0	3.2e-06	0.39	0.22	0.39	0	0	0	0	0	2	0.23	0.32
204	0.043	0.014	0.36	0.21	0.36	0	0.013	0	0	0	2	0.23	0.32
205	0.28	0.066	0.23	0.13	0.23	0	0.063	0	0	0	0	0.41	0.48
206	0.04	0.28	0.26	0.15	0.26	0	0	0	0	0	1	0.23	0.44
207	0.036	0.092	0.34	0.2	0.34	0	0.0011	0	0	0	2	0.23	0.32
208	0.2	0.61	0.076	0.044	0.076	0	1.9e-05	0	0	0	1	0.23	0.44
209	0	0.0057	0.39	0.22	0.39	0	0	0	0	0	2	0.23	0.32
210	2e-05	0.00072	0.39	0.22	0.39	0	0.0047	0	0	0	2	0.23	0.32
211	0.00049	0.0028	0.39	0.22	0.39	0	0	0	0	0	2	0.23	0.32
212	0	0.04	0.37	0.22	0.37	0	0	0	0	0	2	0.23	0.32
213	0.17	0.13	0.23	0.13	0.23	0	0.099	0	0	0	2	0.23	0.32
214	1.9e-05	0.0011	0.39	0.22	0.39	0	0	0	0	0	2	0.23	0.32
215	1.6e-05	0.025	0.38	0.22	0.38	0	0	0	0	0	2	0.23	0.32
216	0.014	0.047	0.31	0.18	0.31	7.7e-05	0.13	0	0	0	2	0.23	0.32
217	0.0017	0.00047	0.35	0.21	0.35	0	0.083	0	0	0	2	0.23	0.32
218	0.0058	0.006	0.37	0.21	0.37	0	0.033	0	0	0	2	0.23	0.32
219	0.31	0.07	0.18	0.11	0.18	1.8e-05	0.15	0	0	0	0	0.41	0.48
220	0.2	0.21	0.21	0.12	0.21	0	0.046	0	0	0	2	0.23	0.32
221	0.28	0.71	0.0033	0.0019	0.0033	0	0	0	0	0	1	0.23	0.44
222	0.012	4e-05	0.0086	0.005	0.0086	0	0.97	0	0	0	6	0.35	0.64
223	0.0044	0.0086	0.096	0.056	0.096	2.5e-05	0.74	0	0	0	6	0.35	0.64
224	1.8e-06	0.00055	0.39	0.22	0.39	0	0	0	0	0	2	0.23	0.32
225	0	0.0018	0.39	0.22	0.39	0	0	0	0	0	2	0.23	0.32
226	0.001	0.52	0.18	0.11	0.18	0	0.0012	0	0	0	1	0.23	0.44
227	0	0.0019	0.39	0.22	0.39	0	0	0	0	0	2	0.23	0.32
228	0	0.00036	0.39	0.22	0.39	0	0	0	0	0	2	0.23	0.32
229	0.18	8e-06	0.26	0.15	0.26	0	0.14	0	0	0	2	0.23	0.32
230	0.00051	0.015	0.38	0.22	0.38	0	0	0	0	0	2	0.23	0.32
231	0	0.00092	0.39	0.22	0.39	0	0	0	0	0	2	0.23	0.32
232	0.0095	0.2	0.31	0.18	0.31	0	0.001	0	0	0	2	0.23	0.32
233	0	0	0.39	0.22	0.39	0	0	0	0	0	2	0.23	0.32
234	1.6e-05	0.0045	0.39	0.22	0.39	0	0	0	0	3.7e-05	2	0.23	0.32
235	0.031	0.026	0.34	0.2	0.34	0	0.075	0	0	0	2	0.23	0.32
236	0.0093	0.055	0.36	0.21	0.36	0	0.0018	0	0	2.5e-05	2	0.23	0.32
237	0	0.0053	0.39	0.22	0.39	0	0	0	0	0.00041	2	0.23	0.32
238	1.9e-05	0.0096	0.36	0.21	0.36	0	0.056	0	0	0	2	0.23	0.32
239	0.00049	0.0041	0.25	0.15	0.25	0	0.35	0	0	0	6	0.35	0.64
240	0.0095	0.53	0.18	0.1	0.18	0	0.007	0	0	0	1	0.23	0.44
241	4.4e-06	0.0015	0.39	0.22	0.39	0	0	0	0	4.9e-05	2	0.23	0.32
242	0	0	0.39	0.22	0.39	0	0	0	0	0	2	0.23	0.32
243	0.021	0.13	0.33	0.19	0.33	0	0.002	0	0	0	2	0.23	0.32
244	2.8e-06	0.0086	0.38	0.22	0.38	0	0	0	0	0	2	0.23	0.32
245	0	0.0021	0.39	0.22	0.39	0	0	0	0	0	2	0.23	0.32
246	1.8e-05	0.0026	0.39	0.22	0.39	0	0	0	0	0	2	0.23	0.32
247	0	0.0028	0.39	0.22	0.39	0	0	0	0	0	2	0.23	0.32
248	0.5	0.087	0.13	0.078	0.13	0	0.07	0	0	0	0	0.41	0.48
249	0	0.082	0.36	0.21	0.36	0	0	0	0	0	2	0.23	0.32
250	0.058	2.8e-06	0.1	0.058	0.1	0	0.68	0	0	0	6	0.35	0.64
251	0.0067	0.32	0.22	0.13	0.22	0.00015	0.12	0	0	0	1	0.23	0.44
252	0.0029	0.034	0.37	0.21	0.37	0	0.0082	0	0	0	2	0.23	0.32
253	0	0.00031	0.39	0.22	0.39	0	0	0	0	0	2	0.23	0.32
254	0.0014	0.19	0.31	0.18	0.31	0	0.016	0	0	0	2	0.23	0.32
255	0	0.00012	0.39	0.22	0.39	0	0	0	0	0	2	0.23	0.32
256	0	0.001	0.39	0.22	0.39	0	0	0	0	0	2	0.23	0.32
257	0.078	0.02	0.27	0.16	0.27	1.9e-06	0.21	0	0	0	2	0.23	0.32
258	0	0	0	0	0	0	0	0	0	1	9	0.23	0.071
259	2.1e-05	0.0084	0.38	0.22	0.38	0	0	0	0	0.0025	2	0.23	0.32
260	0	0	0	0	0	0	0	0	0	1	9	0.23	0.071
261	0.011	0.00021	0.049	0.028	0.049	0	0.86	0	0	0	6	0.35	0.64
262	0.021	0.22	0.29	0.17	0.29	0	0.012	0	0	0	2	0.23	0.32
263	0	8.3e-05	0.39	0.22	0.39	0	0	0	0	0	2	0.23	0.32
264	0.015	0.081	0.34	0.2	0.34	0	0.031	0	0	0	2	0.23	0.32
265	0.0015	0.0067	0.38	0.22	0.38	0	0	0	0	0	2	0.23	0.32
266	0.0011	0.062	0.31	0.18	0.31	0	0.14	0	0	0	2	0.23	0.32
267	0	0	0	0	0	0	0	0	0	1	9	0.23	0.071
268	0	0.017	0.38	0.22	0.38	0	0	0	0	0	2	0.23	0.32
269	0	6.7e-05	0.39	0.22	0.39	0	0	0	0	0	2	0.23	0.32
270	0	0.00059	0.39	0.22	0.39	0	0	0	0	0	2	0.23	0.32
271	0.93	0	0.0058	0.0033	0.0058	0	0.055	0	0	0	0	0.41	0.48
272	0.031	0.19	0.3	0.17	0.3	0	0.0048	0	0	0	2	0.23	0.32
273	0	0.23	0.3	0.17	0.3	0	0.011	0	0	0	2	0.23	0.32
274	0.0048	0.035	0.31	0.18	0.31	0	0.17	0	0	0	2	0.23	0.32
275	0.034	0.22	0.28	0.16	0.28	1.2e-06	0.031	0	0	0	2	0.23	0.32
276	0	0	0	0	0	0	0	0	0	1	9	0.23	0.071
277	0	0.00027	0.39	0.22	0.39	0	0	0	0	0	2	0.23	0.32
278	0.017	0.19	0.27	0.16	0.27	5.3e-05	0.093	0	0	0	2	0.23	0.32
279	0.07	0.34	0.18	0.1	0.18	0.0001	0.13	0	0	0	1	0.23	0.44
280	0	0.31	0.27	0.15	0.27	0	0	0	0	0	1	0.23	0.44
281	0	0.00034	0.39	0.22	0.39	0	0	0	0	0	2	0.23	0.32
282	0	0.00035	0.39	0.22	0.39	0	0	0	0	0	2	0.23	0.32
283	5.8e-06	0.021	0.32	0.18	0.32	0	0.16	0	0	0	2	0.23	0.32
284	0	0.0099	0.38	0.22	0.38	0	0	0	0	0	2	0.23	0.32
285	0	0.0012	0.38	0.22	0.38	0	0.014	0	0	0	2	0.23	0.32
286	0.00014	0.0034	0.32	0.19	0.32	0	0.17	0	0	0	2	0.23	0.32
287	0	0.019	0.38	0.22	0.38	0	0	0	0	0	2	0.23	0.32
288	0	0	0	0	0	0	0	0	1	0	8	0	0.21
289	7.2e-05	0.02	0.38	0.22	0.38	0	0	0	0	0	2	0.23	0.32
290	0	0.00084	0.39	0.22	0.39	0	0	0	0	0	2	0.23	0.32
291	0.32	0.012	0.021	0.012	0.021	0	0.61	0	0	0	6	0.35	0.64
292	0	0.00084	0.39	0.22	0.39	0	0	0	0	0	2	0.23	0.32
293	0	0.00043	0.39	0.22	0.39	0	0	0	0	0	2	0.23	0.32
294	0	0.016	0.38	0.22	0.38	0	0	0	0	0	2	0.23	0.32
295	0	0	0	0	0	0	0	0	1	0	8	0	0.21
296	0	0.0072	0.38	0.22	0.38	0	0	0	0	0	2	0.23	0.32
297	0	0.0006	0.39	0.22	0.39	0	0	0	0	0	2	0.23	0.32
298	0	0.0017	0.39	0.22	0.39	0	0	0	0	0	2	0.23	0.32
299	0	0	0	0	0	0	0	0	1	2e-06	8	0	0.21
300	0.3	0.62	0.026	0.015	0.026	0	0.011	0	0	0	1	0.23	0.44
301	0.16	0.15	0.27	0.15	0.27	1.8e-05	0.00019	0	0	0	2	0.23	0.32
302	0	0.002	0.39	0.22	0.39	0	0	0	0	0	2	0.23	0.32
303	0.0069	0.23	0.29	0.17	0.29	1e-05	0.01	0	0	0	2	0.23	0.32
304	0	0	0	0	0	0	0	0	0	1	9	0.23	0.071
305	0	0.047	0.37	0.21	0.37	0	0	0	0	0	2	0.23	0.32
306	0	6.8e-05	0.39	0.22	0.39	0	0	0	0	0	2	0.23	0.32
307	1.1e-05	0.00039	0.39	0.22	0.39	0.0021	0	0	0	0	2	0.23	0.32
308	4.1e-05	0.85	0.058	0.034	0.058	0	4.2e-05	0	0	0	1	0.23	0.44
309	0.042	0.11	0.33	0.19	0.33	4.5e-05	8.8e-05	0	0	0	2	0.23	0.32
310	6.8e-05	0.0006	0.38	0.22	0.38	0.011	0.0071	0	0	0	2	0.23	0.32
311	0.00018	0.0016	0.35	0.2	0.35	0.012	0.087	0	0	0	2	0.23	0.32
312	0	1.9e-05	0.39	0.22	0.39	0	0	0	0	0	2	0.23	0.32
313	7.7e-06	0.14	0.33	0.19	0.33	0	0.0059	0	0	0	2	0.23	0.32
314	0.043	0.027	0.35	0.2	0.35	0	0.02	0	0	0	2	0.23	0.32
315	0.04	0.0026	0.35	0.2	0.35	0	0.062	0	0	0	2	0.23	0.32
316	0	1.6e-05	0.39	0.22	0.39	0	0	0	0	0	2	0.23	0.32
317	0.064	0.00023	0.36	0.21	0.36	0	0.02	0	0	0	2	0.23	0.32
318	0.005	0.18	0.31	0.18	0.31	4e-06	0.005	0	0	0	2	0.23	0.32
319	0.15	0.069	0.28	0.16	0.28	1.5e-05	0.063	0	0	0	2	0.23	0.32
320	0.026	0.2	0.26	0.15	0.26	9.7e-05	0.097	0	0	0	2	0.23	0.32
321	0	0	0.39	0.22	0.39	0	0	0	0	0	2	0.23	0.32
322	0.0077	0.036	0.37	0.21	0.37	0	0.0046	0	0	0	2	0.23	0.32
323	0	0	0	0	0	0	0	0	1	0	8	0	0.21
324	1.3e-05	0.019	0.38	0.22	0.38	0	0	0	0	0	2	0.23	0.32
325	0	0.013	0.38	0.22	0.38	0	0	0	0	0	2	0.23	0.32
326	0.0043	0.0024	0.25	0.14	0.25	0	0.35	0	0	0	6	0.35	0.64
327	0	0.038	0.37	0.22	0.37	0	0	0	0	0	2	0.23	0.32
328	0	0.00024	0.39	0.22	0.39	0	0	0	0	0	2	0.23	0.32
329	0	0.00016	0.39	0.22	0.39	0	0	0	0	0	2	0.23	0.32
330	0.0053	0	0.39	0.22	0.39	0	0.00077	0	0	0	2	0.23	0.32
331	0	0.66	0.13	0.076	0.13	0	0	0	0	0	1	0.23	0.44
332	0	0.00027	0.39	0.22	0.39	0	0	0	0	0	2	0.23	0.32
333	0.0051	0.00028	0.39	0.22	0.39	0	0.00099	0	0	0	2	0.23	0.32
334	0	0.00056	0.39	0.22	0.39	0	0	0	0	3.7e-06	2	0.23	0.32
335	0.044	0.00026	0.31	0.18	0.31	0	0.15	0	0	0	2	0.23	0.32
336	0.00069	0.071	0.34	0.2	0.34	0	0.046	0	0	0	2	0.23	0.32
337	0.12	0.002	0.32	0.19	0.32	0	0.05	0	0	0	2	0.23	0.32
338	4.2e-05	0.029	0.096	0.056	0.096	0	0.72	0	0	0	6	0.35	0.64
339	0.0017	0.07	0.29	0.17	0.29	0	0.19	0	0	0	2	0.23	0.32
340	0.041	0.24	0.23	0.13	0.23	0.00011	0.12	0	0	0	1	0.23	0.44
341	0	0.018	0.35	0.2	0.35	0	0.091	0	0	0	2	0.23	0.32
342	0.00056	0.0017	0.38	0.22	0.38	0	0.02	0	0	0	2	0.23	0.32
343	3.1e-06	0.044	0.077	0.045	0.077	0	0.76	0	0	0	6	0.35	0.64
344	0.01	8.8e-06	0.37	0.22	0.37	0	0.023	0	0	0	2	0.23	0.32
345	6.7e-05	4.2e-05	0.38	0.22	0.38	0	0.026	0	0	0	2	0.23	0.32
346	0.00094	0.002	0.39	0.22	0.39	0	0.0018	0	0	0	2	0.23	0.32
347	0.065	0.0065	0.23	0.14	0.23	0	0.33	0	0	0	6	0.35	0.64
348	0.4	0.00017	0.2	0.11	0.2	0	0.097	0	0	0.00028	0	0.41	0.48
349	0.00055	0.019	0.34	0.2	0.34	0	0.099	0	0	0	2	0.23	0.32
350	0.0012	0.4	0.21	0.12	0.21	0	0.055	0	0	0	1	0.23	0.44
351	1	0.00071	1.5e-05	8.8e-06	1.5e-05	0	0.00021	0	0	0	0	0.41	0.48
352	0.00026	0.0013	0.39	0.22	0.39	0	0.001	0	0	0	2	0.23	0.32
353	0.0033	0.13	0.31	0.18	0.31	0	0.081	0	0	0	2	0.23	0.32
354	0.00021	0.0019	0.38	0.22	0.38	0	0.016	0	0	0	2	0.23	0.32
355	0.0054	0.0019	0.38	0.22	0.38	0	0.012	0	0	0	2	0.23	0.32
356	0.0013	0.00066	0.33	0.19	0.33	0	0.16	0	0	0	2	0.23	0.32
357	1.3e-05	0.014	0.38	0.22	0.38	0	0	0	0	0	2	0.23	0.32
358	0.00089	0.00022	0.38	0.22	0.38	0	0.01	0	0	0	2	0.23	0.32
359	0.13	0.1	0.24	0.14	0.24	1e-05	0.16	0	0	0	2	0.23	0.32
360	0.047	0.12	0.27	0.16	0.27	0.00064	0.12	0	0	0	2	0.23	0.32
361	0	0.0017	0.39	0.22	0.39	0	0	0	0	0	2	0.23	0.32
362	0.27	0.2	0.002	0.0012	0.002	0	0.53	0	0	0	6	0.35	0.64
363	0.00014	0.012	0.38	0.22	0.38	0	7.4e-06	0	0	0.00024	2	0.23	0.32
364	0	0.04	0.31	0.18	0.31	0	0.16	0	0	0	2	0.23	0.32
365	2.6e-06	0.016	0.37	0.21	0.37	0	0.04	0	0	0	2	0.23	0.32
366	0	0	0	0	0	0	0	0	1	0	8	0	0.21
367	0.00011	0.15	0.32	0.19	0.32	0	0.013	0	0	0	2	0.23	0.32
368	0.043	0.065	0.34	0.2	0.34	0	0.02	0	0	6e-05	2	0.23	0.32
369	1.5e-05	0.11	0.34	0.2	0.34	0	0.0042	0	0	0	2	0.23	0.32
370	0	0.0064	0.39	0.22	0.39	0	9.1e-05	0	0	0	2	0.23	0.32
371	0.00015	0.002	0.39	0.22	0.39	0	0	0	0	0	2	0.23	0.32
372	0.0051	0.025	0.38	0.22	0.38	0	1.5e-05	0	0	0	2	0.23	0.32
373	0.0047	0.056	0.36	0.21	0.36	0	2.1e-05	0	0	0	2	0.23	0.32
374	3.9e-06	0.0019	0.39	0.22	0.39	0	0.00072	0	0	0	2	0.23	0.32
375	0.034	0.086	0.34	0.2	0.34	0	0.00099	0	0	0	2	0.23	0.32
376	6e-05	0.011	0.38	0.22	0.38	0	0.019	0	0	0	2	0.23	0.32
377	0.00018	0	0.0077	0.0044	0.0077	0	0.98	0	0	0	6	0.35	0.64
378	0	0	0.043	0.025	0.043	0	0	0	0.89	0	8	0	0.21
379	0	0	0	0	0	0	0	0	1	0	8	0	0.21
380	0.00021	0.0035	0.39	0.22	0.39	0	0	0	0	0	2	0.23	0.32
381	0.079	0.17	0.28	0.16	0.28	0	0.015	0	0	0	2	0.23	0.32
382	0	0	0.012	0.007	0.012	0	0	0	0.97	0.00037	8	0	0.21
383	0	0	0.08	0.046	0.08	0	0.79	0	0	0	6	0.35	0.64
384	0.00038	0.00091	0.33	0.19	0.33	0	0.15	0	0	0	2	0.23	0.32
385	0.2	0.22	0.15	0.085	0.15	0.00027	0.2	0	0	0	1	0.23	0.44
386	0.018	0.035	0.34	0.2	0.34	0	0.069	0	0	0	2	0.23	0.32
387	0	0.00093	0.39	0.22	0.39	0	7.7e-06	0	0	0	2	0.23	0.32
388	0.047	0.038	0.35	0.2	0.35	0	0.006	0	0	0	2	0.23	0.32
389	0.0033	0.0018	0.15	0.085	0.15	0	0.62	0	0	0	6	0.35	0.64
390	1	0	0	0	0	0	0.0023	0	0	0	0	0.41	0.48
391	3.5e-06	0.011	0.38	0.22	0.38	0	0	0	0	0	2	0.23	0.32
392	2.9e-05	0.017	0.38	0.22	0.38	0	0	0	0	0	2	0.23	0.32
393	0.0093	3.3e-05	0.0083	0.0048	0.0083	0	0.97	0	0	0	6	0.35	0.64
394	0.004	0.14	0.33	0.19	0.33	0	0.00021	0	0	0	2	0.23	0.32
395	0	0.00013	0.39	0.22	0.39	0	0	0	0	0	2	0.23	0.32
396	0.001	0.015	0.38	0.22	0.38	0	0.0029	0	0	0	2	0.23	0.32
397	0.0047	0.14	0.27	0.16	0.27	0.00059	0.15	0	0	0	2	0.23	0.32
398	0	0	0	0	0	0	0	0	0	1	9	0.23	0.071
399	0.028	0.2	0.23	0.13	0.23	0.0064	0.16	0	0	0	2	0.23	0.32
400	0.22	0.044	0.28	0.16	0.28	0	0.017	0	0	0	2	0.23	0.32
401	0.00044	0.12	0.33	0.19	0.33	0	0.03	0	0	0	2	0.23	0.32
402	0	0.00029	0.39	0.22	0.39	0	0	0	0	0	2	0.23	0.32
403	0.048	0.00087	0.34	0.2	0.34	0	0.061	0	0	0	2	0.23	0.32
404	0	0.029	0.37	0.22	0.37	0	0.012	0	0	0	2	0.23	0.32
405	0	0.0002	0.39	0.22	0.39	0	0	0	0	0	2	0.23	0.32
406	0.0001	1.8e-06	0.38	0.22	0.38	0	0.026	0	0	0	2	0.23	0.32
407	0.00029	0.00079	0.32	0.19	0.32	0	0.17	0	0	0	2	0.23	0.32
408	0.00065	0.057	0.37	0.21	0.37	0	0.0002	0	0	0	2	0.23	0.32
409	1.4e-05	7.4e-06	0.15	0.088	0.15	0	0.61	0	0	0	6	0.35	0.64
410	0.0066	0.089	0.33	0.19	0.33	0	0.056	0	0	0	2	0.23	0.32
411	1.8e-05	0.00012	0.18	0.1	0.18	0	0.55	0	0	0	6	0.35	0.64
412	0.0038	0.28	0.28	0.16	0.28	0	0.0018	0	0	0	1	0.23	0.44
413	0.0066	0.00084	0.0096	0.0055	0.0096	0	0.97	0	0	0	6	0.35	0.64
414	1.6e-05	0.00039	0.36	0.21	0.36	0	0.058	0	0	0	2	0.23	0.32
415	0.062	0.041	0.23	0.13	0.23	0	0.3	0	0	0	6	0.35	0.64
416	0	0	0	0	0	0	0	0	0	1	9	0.23	0.071
417	5.9e-05	0.013	0.38	0.22	0.38	0	0	0	0	0	2	0.23	0.32
418	0.00013	0.00013	0.31	0.18	0.31	0	0.19	0	0	0	2	0.23	0.32
419	0.00021	0.012	0.38	0.22	0.38	0	1.7e-06	0	0	0	2	0.23	0.32
420	4.2e-06	0.0008	0.39	0.22	0.39	0	0	0	0	7e-06	2	0.23	0.32
421	0.13	0.15	0.27	0.16	0.27	0	0.016	0	0	0	2	0.23	0.32
422	0	0.0029	0.39	0.22	0.39	0	0	0	0	0	2	0.23	0.32
423	0.0038	0.035	0.37	0.21	0.37	0	0.01	0	0	0	2	0.23	0.32
424	0.95	0	0	0	0	0	0.05	0	0	0	0	0.41	0.48
425	0	0	0.32	0.19	0.32	0	0	0	0	0.16	2	0.23	0.32
426	0.048	0.0049	0.22	0.13	0.22	0	0.37	0	0	0	6	0.35	0.64
427	0.00066	0.035	0.37	0.22	0.37	0	0	0	0	0	2	0.23	0.32
428	0.053	0.015	0.29	0.17	0.29	1.2e-06	0.2	0	0	0	2	0.23	0.32
429	0.019	0.53	0.11	0.064	0.11	9.5e-06	0.17	0	0	0	1	0.23	0.44
430	0.0089	0.00053	0.29	0.17	0.29	0	0.25	0	0	0	2	0.23	0.32
431	0.56	0.42	0.011	0.0064	0.011	0	0.00087	0	0	0	0	0.41	0.48
432	4.9e-05	0.021	0.38	0.22	0.38	0	0	0	0	0	2	0.23	0.32
433	0	0	0	0	0	0	0	0	0	1	9	0.23	0.071
434	0.0013	0.028	0.38	0.22	0.38	0	2.3e-06	0	0	0	2	0.23	0.32
435	0.046	0.012	0.36	0.21	0.36	0	0.026	0	0	0	2	0.23	0.32
436	0.00098	0.0064	0.38	0.22	0.38	0	0	0	0	0	2	0.23	0.32
437	0.61	0.3	0.029	0.017	0.029	0	0.013	0	0	0	0	0.41	0.48
438	0	0.013	0.38	0.22	0.38	0	0	0	0	0	2	0.23	0.32
439	0.032	0.11	0.31	0.18	0.31	6.9e-05	0.042	0	0	3.8e-06	2	0.23	0.32
440	0.19	0.31	0.18	0.1	0.18	0	0.041	0	0	0	1	0.23	0.44
441	0.094	0.055	0.26	0.15	0.26	9.5e-05	0.17	0	0	0	2	0.23	0.32
442	0.00036	0.0082	0.38	0.22	0.38	0	0	0	0	0	2	0.23	0.32
443	0.066	0.14	0.31	0.18	0.31	0	0.0036	0	0	0	2	0.23	0.32
444	0.014	0.17	0.039	0.023	0.039	0	0.72	0	0	0	6	0.35	0.64
445	0.00032	0.24	0.22	0.13	0.22	0	0.19	0	0	0	1	0.23	0.44
446	4.4e-05	0.0027	0.38	0.22	0.38	0	0.016	0	0	0	2	0.23	0.32
447	7.2e-06	0.5	0.18	0.11	0.18	0	0.021	0	0	0	1	0.23	0.44
448	0.55	0.03	0.072	0.042	0.072	0	0.24	0	0	0	0	0.41	0.48
449	0.0065	6.9e-05	0.0067	0.0039	0.0067	0	0.98	0	0	0	6	0.35	0.64
450	4.9e-05	0.12	0.34	0.2	0.34	0	0	0	0	0	2	0.23	0.32
451	0.015	0.051	0.36	0.21	0.36	0	0.0049	0	0	0	2	0.23	0.32
452	0.099	0.29	0.16	0.09	0.16	0.00044	0.21	0	0	0	1	0.23	0.44
453	0	0	0	0	0	0	0	0	1	0	8	0	0.21
454	0.00065	0.0076	0.37	0.21	0.37	0	0.044	0	0	0	2	0.23	0.32
455	0.0066	0.1	0.32	0.18	0.32	0	0.075	0	0	0	2	0.23	0.32
456	1.8e-06	0.0021	0.39	0.22	0.39	0	0	0	0	0	2	0.23	0.32
457	0.46	0.085	0.019	0.011	0.019	3.2e-05	0.4	0	0	0	0	0.41	0.48
458	0.31	3.6e-05	0.21	0.12	0.21	0	0.16	0	0	0	0	0.41	0.48
459	0.0052	0.015	0.29	0.17	0.29	0	0.22	0	0	0	2	0.23	0.32
460	0.042	0.00033	0.33	0.19	0.33	0	0.094	0	0	0	2	0.23	0.32
461	0.017	0.041	0.36	0.21	0.36	0	0.023	0	0	0	2	0.23	0.32
462	0.0054	0.027	0.37	0.22	0.37	0	5.7e-06	0	0	0	2	0.23	0.32
463	6.2e-06	0.015	0.38	0.22	0.38	0	0	0	0	0	2	0.23	0.32
464	0.0036	0.097	0.34	0.2	0.34	0	0.03	0	0	0	2	0.23	0.32
465	0.1	0.033	0.32	0.18	0.32	0	0.049	0	0	0	2	0.23	0.32
466	0.0016	0.092	0.24	0.14	0.24	0	0.28	0	0	0	6	0.35	0.64
467	8.5e-05	0.0015	0.39	0.22	0.39	0	0	0	0	0	2	0.23	0.32
468	0.0036	0.04	0.37	0.21	0.37	0	5.6e-05	0	0	0	2	0.23	0.32
469	0.13	0.25	0.23	0.13	0.23	0	0.028	0	0	0	1	0.23	0.44
470	0.027	0.092	0.27	0.16	0.27	0	0.18	0	0	0	2	0.23	0.32
471	0.058	0.00012	0.23	0.13	0.23	0	0.34	0	0	0	6	0.35	0.64
472	2.5e-05	0.042	0.35	0.21	0.35	0	0.043	0	0	0	2	0.23	0.32
473	0.04	0.043	0.35	0.2	0.35	0	0.011	0	0	0	2	0.23	0.32
474	0.21	0.007	0.28	0.16	0.28	0	0.065	0	0	0	2	0.23	0.32
475	0.022	0.049	0.31	0.18	0.31	4.6e-05	0.13	0	0	0	2	0.23	0.32
476	0.053	0.014	0.36	0.21	0.36	0	0.0095	0	0	0	2	0.23	0.32
477	0.28	5.7e-06	0.27	0.16	0.27	0	0.017	0	0	0	0	0.41	0.48
478	0.00032	0.011	0.38	0.22	0.38	0	0.009	0	0	0	2	0.23	0.32
479	2e-06	0.012	0.38	0.22	0.38	0	0	0	0	0	2	0.23	0.32
480	2.5e-06	0.083	0.17	0.097	0.17	0	0.49	0	0	0	6	0.35	0.64
481	0	0.00018	0.39	0.22	0.39	0.0033	0	0	0	0	2	0.23	0.32
482	0.0013	0.27	0.24	0.14	0.24	0	0.094	0	0	0	1	0.23	0.44
483	0	0	0	0	0	0	0	0	0	1	9	0.23	0.071
484	0.0044	0.96	0.014	0.0081	0.014	0	9.3e-05	0	0	0	1	0.23	0.44
485	0.016	0.21	0.3	0.17	0.3	0	0.00079	0	0	0	2	0.23	0.32
486	0	0.00048	0.39	0.22	0.39	0	0	0	0	0	2	0.23	0.32
487	1.2e-06	0.11	0.32	0.18	0.32	0	0.071	0	0	0	2	0.23	0.32
488	0.00092	0.032	0.25	0.14	0.25	0	0.33	0	0	0	6	0.35	0.64
489	0.00055	0.07	0.16	0.094	0.16	0	0.51	0	0	0	6	0.35	0.64
490	1e-05	0.01	0.26	0.15	0.26	0	0.33	0	0	0	6	0.35	0.64
491	0.019	0.0053	0.37	0.21	0.37	0	0.029	0	0	0	2	0.23	0.32
492	0.0052	0.092	0.35	0.2	0.35	0	0.0082	0	0	0	2	0.23	0.32
493	0	0	0	0	0	0	0	1	0	0	7	0.13	0
494	0.015	0.24	0.28	0.16	0.28	0	0.027	0	0	0	2	0.23	0.32
495	0.029	0.061	0.3	0.17	0.3	0	0.14	0	0	0	2	0.23	0.32
496	0.017	0.059	0.36	0.21	0.36	0.00041	5e-05	0	0	0	2	0.23	0.32
497	0.0053	0.048	0.37	0.21	0.37	9.8e-05	0.00012	0	0	0	2	0.23	0.32
498	0	0	0.39	0.22	0.39	0	0	0	0	0	2	0.23	0.32
499	0	0.59	0.16	0.092	0.16	0	0	0	0	0	1	0.23	0.44
500	3.9e-06	0.00025	0.38	0.22	0.38	0.021	0.0014	0	0	0	2	0.23	0.32
501	0.017	0.044	0.23	0.13	0.23	0	0.34	0	0	0	6	0.35	0.64
502	0.083	0.051	0.33	0.19	0.33	0	0.0077	0	0	0	2	0.23	0.32
503	0.029	0.11	0.26	0.15	0.26	1.8e-06	0.18	0	0	0	2	0.23	0.32
504	0	0	0	0	0	0	0	0	1	0	8	0	0.21
505	8.8e-06	0.0017	0.39	0.22	0.39	0	0	0	0	2.9e-06	2	0.23	0.32
506	0.0017	0.037	0.37	0.22	0.37	0	0.00045	0	0	0	2	0.23	0.32
507	0	0	0.39	0.22	0.39	0	0	0	0	0	2	0.23	0.32
508	0	0.021	0.37	0.21	0.37	0	0.034	0	0	0	2	0.23	0.32
509	2.7e-05	0.0022	0.39	0.22	0.39	0	0	0	0	0	2	0.23	0.32
510	0.056	0.0012	0.3	0.17	0.3	0	0.18	0	0	0	2	0.23	0.32
511	0.021	0.11	0.32	0.19	0.32	0	0.045	0	0	0	2	0.23	0.32
512	0.016	0.00094	0.38	0.22	0.38	0	0.0021	0	0	0	2	0.23	0.32
513	0	0.00081	0.39	0.22	0.39	0	0	0	0	0	2	0.23	0.32
514	0	0.0029	0.39	0.22	0.39	0	0	0	0	0	2	0.23	0.32
515	0.00063	0.0025	0.38	0.22	0.38	0	0.006	0	0	0	2	0.23	0.32
516	0.0069	0.0054	0.38	0.22	0.38	0	0.014	0	0	0	2	0.23	0.32
517	0	0.026	0.38	0.22	0.38	0	0.00033	0	0	0	2	0.23	0.32
518	0.00066	0.0053	0.38	0.22	0.38	0	0.0094	0	0	0	2	0.23	0.32
519	0	0.0016	0.39	0.22	0.39	0	0	0	0	0	2	0.23	0.32
520	0.017	0.16	0.31	0.18	0.31	0	0.036	0	0	0	2	0.23	0.32
521	0.00082	0.37	0.24	0.14	0.24	0	1.1e-06	0	0	0	1	0.23	0.44
522	0.0089	0.00099	0.38	0.22	0.38	0	0.0078	0	0	0	2	0.23	0.32
523	0	0	0	0	0	0	0	0	0	1	9	0.23	0.071
524	0.00048	0.13	0.34	0.2	0.34	0	0	0	0	0	2	0.23	0.32
525	0.001	0.07	0.36	0.21	0.36	0	3.6e-05	0	0	0	2	0.23	0.32
526	0.00052	0.04	0.37	0.22	0.37	0	0	0	0	0	2	0.23	0.32
527	3e-05	0.033	0.37	0.22	0.37	0	0	0	0	0	2	0.23	0.32
528	0	0.00031	0.39	0.22	0.39	0	0	0	0	0	2	0.23	0.32
529	0	1.8e-05	0.39	0.22	0.39	0	0	0	0	0	2	0.23	0.32
530	0	0.00018	0.39	0.22	0.39	0	0	0	0	0	2	0.23	0.32
531	0	0.021	0.38	0.22	0.38	0	1.3e-05	0	0	0	2	0.23	0.32
532	0	0	0	0	0	1	0	0	0	0	5	0.23	0.85
533	0.058	0.3	0.016	0.0091	0.016	0.00046	0.6	0	0	0	6	0.35	0.64
534	0.00066	0.21	0.31	0.18	0.31	0	1.4e-05	0	0	0	2	0.23	0.32
535	3.5e-06	0.078	0.36	0.21	0.36	0	0	0	0	0	2	0.23	0.32
536	0.99	0.0017	0.0033	0.0019	0.0033	0	2.1e-05	0	0	0	0	0.41	0.48
537	0	0.13	0.34	0.2	0.34	0	0	0	0	0	2	0.23	0.32
538	0.00049	0.044	0.37	0.21	0.37	0	3.5e-05	0	0	0	2	0.23	0.32
539	0.013	0.065	0.35	0.2	0.35	0.00014	0.016	0	0	0	2	0.23	0.32
540	0	0.00027	0.39	0.22	0.39	0	0	0	0	0	2	0.23	0.32
541	2.5e-05	0.0069	0.38	0.22	0.38	0	0	0	0	0	2	0.23	0.32
542	0.0038	4.1e-05	0.36	0.21	0.36	0	0.074	0	0	0	2	0.23	0.32
543	8.6e-06	3.4e-05	0.36	0.21	0.36	0	0	0.074	0	0.0012	2	0.23	0.32
544	0.09	0.29	0.2	0.12	0.2	0.0037	0.1	0	0	0	1	0.23	0.44
545	4.5e-05	0.066	0.36	0.21	0.36	2.2e-05	0.0029	0	0	0	2	0.23	0.32
546	0.00025	0.13	0.34	0.19	0.34	0	0.0015	0	0	0	2	0.23	0.32
547	0	0.00097	0.39	0.22	0.39	0	0.0015	0	0	0	2	0.23	0.32
548	0	0	0	0	0	0	0	0	1	5.2e-05	8	0	0.21
549	0	0.00054	0.39	0.22	0.39	0	0	0	0	0	2	0.23	0.32
550	0	0.00012	0.39	0.22	0.39	0	0	0	0	0	2	0.23	0.32
551	0.26	0.00034	0.29	0.17	0.29	0	0	0	0	0	2	0.23	0.32
552	8.8e-06	0.00031	0.39	0.22	0.39	0	0.0043	0	0	0	2	0.23	0.32
553	0	7e-05	0.39	0.22	0.39	0	0	0	0	0	2	0.23	0.32
554	1.5e-05	0.00096	0.38	0.22	0.38	0	0.012	0	0	0	2	0.23	0.32
555	0.028	0.43	0.21	0.12	0.21	0.0039	0.0059	0	0	0	1	0.23	0.44
556	0	0.02	0.38	0.22	0.38	0	4e-05	0	0	0	2	0.23	0.32
557	0	0.0046	0.39	0.22	0.39	0	3.5e-05	0	0	0	2	0.23	0.32
558	8.9e-06	0	0.39	0.22	0.39	0	0	0	0	0	2	0.23	0.32
559	0.0012	0.0033	0.38	0.22	0.38	0	0.0046	0	0	0	2	0.23	0.32
560	0.0029	0.11	0.34	0.2	0.34	0	0.00047	0	0	0	2	0.23	0.32
561	0	0.11	0.34	0.2	0.34	0	0	0	0	0	2	0.23	0.32
562	0.5	0.064	0.16	0.094	0.16	0	0.015	0	0	0	0	0.41	0.48
563	0	0.051	0.37	0.21	0.37	0	0	0	0	0	2	0.23	0.32
564	0.0017	0.98	0.0053	0.0031	0.0053	0.0013	0	0	0	0	1	0.23	0.44
565	0.052	0.027	0.36	0.21	0.36	0	0.0027	0	0	0.00011	2	0.23	0.32
566	0	0	0	0	0	0	0	0	0	1	9	0.23	0.071
567	0	0	0.0002	0.00011	0.0002	0	0	0	0	1	9	0.23	0.071
568	0	0	0	0	0	0	0	0	0	1	9	0.23	0.071
569	0.14	0.23	0.24	0.14	0.24	0	0.016	0	0	0	2	0.23	0.32
570	0	0.00014	0.39	0.22	0.39	0	0	0	0	0	2	0.23	0.32
571	0.023	0.063	0.35	0.2	0.35	0	0.004	0	0	0	2	0.23	0.32
572	0.018	0.0049	0.36	0.21	0.36	0	0.048	0	0	0	2	0.23	0.32
573	0.09	0.0025	0.29	0.17	0.29	0	0.16	0	0	0	2	0.23	0.32
574	0.00062	0.16	0.33	0.19	0.33	0	9.7e-05	0	0	0	2	0.23	0.32
575	0	0.22	0	0	0	0	0	0	0.78	0	8	0	0.21
576	0.00062	0.13	0.33	0.19	0.33	5.2e-05	0.02	0	0	0	2	0.23	0.32
577	0.019	0.0013	0.36	0.21	0.36	0	0.044	0	0	0	2	0.23	0.32
578	0	0.12	0.34	0.2	0.34	0	0	0	0	0	2	0.23	0.32
579	0	0.00064	0.39	0.22	0.39	0	0	0	0	0	2	0.23	0.32
580	0.024	0.034	0.36	0.21	0.36	0	0.0018	0	0	0	2	0.23	0.32
581	0.056	0.18	0.29	0.17	0.29	0	0.013	0	0	0	2	0.23	0.32
582	0	0	0	0	0	0	0	0.95	0	0.047	7	0.13	0
583	0	0.044	0.37	0.21	0.37	0	0	0	0	0	2	0.23	0.32
584	0	0.0027	0.39	0.22	0.39	0	0	0	0	0	2	0.23	0.32
585	0	0	0.39	0.22	0.39	0	0	0	0	0	2	0.23	0.32
586	0	0.00055	0.39	0.22	0.39	0	0	0	0	0	2	0.23	0.32
587	0.019	0.046	0.36	0.21	0.36	0	0.00088	0	0	0	2	0.23	0.32
588	0.015	0.055	0.36	0.21	0.36	0	0.00036	0	0	0	2	0.23	0.32
589	0	0.0035	0.39	0.22	0.39	0	0	0	0	0	2	0.23	0.32
590	0.00091	0.028	0.34	0.2	0.34	7.9e-06	0.084	0	0	0	2	0.23	0.32
591	0.21	0.0015	0.27	0.15	0.27	0	0.1	0	0	0	2	0.23	0.32
592	0.024	0.94	0.014	0.0083	0.014	0	0	0	0	0	1	0.23	0.44
593	0	0	0.26	0.15	0.26	0	0	0	0.33	0	8	0	0.21
594	0	0.043	0.034	0.02	0.034	1.3e-06	0.87	0	0	0	6	0.35	0.64
595	0.0039	0.025	0.38	0.22	0.38	0	5.2e-06	0	0	0	2	0.23	0.32
596	0	0	0	0	0	0	0	0.99	0	0.012	7	0.13	0
597	0	0	0	0	0	0	0	0	0	1	9	0.23	0.071
598	0	0	0.39	0.22	0.39	0	0	0	0	0	2	0.23	0.32
599	0	0	0.31	0.18	0.31	0	0	0	0.2	0	2	0.23	0.32
600	0	0.0012	0.39	0.22	0.39	0	0	0	0	0	2	0.23	0.32
601	0.22	0.56	0.084	0.048	0.084	0	0.0038	0	0	0	1	0.23	0.44
602	0.0082	0.023	0.38	0.22	0.38	0	0.00024	0	0	9.8e-06	2	0.23	0.32
603	0	0.042	0.37	0.21	0.37	2.6e-06	0.0062	0	0	0	2	0.23	0.32
604	0.0021	0.028	0.38	0.22	0.38	0	0	0	0	0	2	0.23	0.32
605	0.0016	0.0065	0.38	0.22	0.38	0	2e-05	0	0	0.012	2	0.23	0.32
606	0	5.8e-06	0.34	0.19	0.34	0	0.13	0	0	0	2	0.23	0.32
607	0.006	0.13	0.31	0.18	0.31	0	0.075	0	0	0	2	0.23	0.32
608	0.00023	0.041	0.37	0.21	0.37	0	0.015	0	0	0	2	0.23	0.32
609	0.00017	0.019	0.23	0.13	0.23	0	0.39	0	0	0	6	0.35	0.64
610	0.0017	0.062	0.32	0.19	0.32	0	0.11	0	0	0	2	0.23	0.32
611	0	0	0.39	0.22	0.39	0	0	0	0	0	2	0.23	0.32
612	0	0	0	0	0	0	0	0	1	0	8	0	0.21
613	0.0018	4.5e-06	0.39	0.22	0.39	0	0.003	0	0	0	2	0.23	0.32
614	0.0025	0.19	0.3	0.18	0.3	0	0.028	0	0	0	2	0.23	0.32
615	0.00015	0.0035	0.38	0.22	0.38	0	0.011	0	0	0	2	0.23	0.32
616	0.0033	0.2	0.25	0.15	0.25	0	0.15	0	0	0	2	0.23	0.32
617	7.3e-06	0.056	0.34	0.19	0.34	0	0.077	0	0	0	2	0.23	0.32
618	0.0011	0.029	0.37	0.21	0.37	0	0.023	0	0	0	2	0.23	0.32
619	0	0	0	0	0	0	0	0	0	1	9	0.23	0.071
620	0.0015	0.032	0.37	0.22	0.37	0	5.9e-05	0	0	0	2	0.23	0.32
621	0	0.016	0.38	0.22	0.38	0	0.00011	0	0	0	2	0.23	0.32
622	0.017	0.33	0.25	0.15	0.25	0	0.00012	0	0	0	1	0.23	0.44
623	0.0026	0.0019	0.36	0.21	0.36	0	0.076	0	0	0	2	0.23	0.32
624	0.28	0.024	0.25	0.15	0.25	0	0.048	0	0	0	0	0.41	0.48
625	0.00087	0.018	0.29	0.17	0.29	0	0.25	0	0	0	2	0.23	0.32
626	0.00048	0.092	0.35	0.2	0.35	0	2.4e-06	0	0	0	2	0.23	0.32
627	0	0	0.39	0.22	0.39	0	0	0	0	0	2	0.23	0.32
628	0	0.0012	0.39	0.22	0.39	0	0	0	0	0	2	0.23	0.32
629	0	0.034	0.25	0.15	0.25	0	0.32	0	0	0	6	0.35	0.64
630	0.0023	0.14	0.28	0.16	0.28	0	0.14	0	0	0	2	0.23	0.32
631	0.065	0.031	0.34	0.2	0.34	0	0.032	0	0	0	2	0.23	0.32
632	0	0.0057	0.39	0.22	0.39	0	0	0	0	0	2	0.23	0.32
633	0.00017	0.011	0.38	0.22	0.38	0	0.0053	0	0	0	2	0.23	0.32
634	0	0.0022	0.39	0.22	0.39	0	0	0	0	0	2	0.23	0.32
635	0	0.079	0.26	0.15	0.26	0	0.25	0	0	0	2	0.23	0.32
636	3.3e-05	0.97	0.013	0.0076	0.013	0	0.00072	0	0	0	1	0.23	0.44
637	0.0014	0.038	0.37	0.21	0.37	0	0.004	0	0	0	2	0.23	0.32
638	0	0	0.00025	0.00014	0.00025	0	0	0	0.99	0.0074	8	0	0.21
639	0	0.00071	0.39	0.22	0.39	0	0	0	0	0	2	0.23	0.32
640	0.00023	0.0093	0.28	0.16	0.28	0	0.26	0	0	0	2	0.23	0.32
641	0	0.032	0.37	0.22	0.37	0	0.006	0	0	0	2	0.23	0.32
642	4e-06	0.16	0.25	0.15	0.25	0.00011	0.18	0	0	0	2	0.23	0.32
643	0	0.00043	0.24	0.14	0.24	0	0.39	0	0	0	6	0.35	0.64
644	0.0035	0.052	0.37	0.21	0.37	4.5e-06	0.0014	0	0	0	2	0.23	0.32
645	0.0088	0.57	0.16	0.092	0.16	0.0025	0.012	0	0	0	1	0.23	0.44
646	0	0	0.021	0.012	0.021	0	0	0	0.95	6e-05	8	0	0.21
647	0.029	0.29	0.25	0.14	0.25	0.0028	0.046	0	0	0	1	0.23	0.44
648	0	0.00048	0.33	0.19	0.33	0	0	0	0.16	0	2	0.23	0.32
649	0.00057	0.23	0.3	0.17	0.3	0.00037	0.0022	0	0	0	2	0.23	0.32
650	0.00045	0.47	0.2	0.12	0.2	0	0	0	0	0	1	0.23	0.44
651	0	0.37	0.25	0.14	0.25	0	0	0	0	0	1	0.23	0.44
652	0	0	0	0	0	0	0	0	0	1	9	0.23	0.071
653	0.15	0.055	0.24	0.14	0.24	8.8e-06	0.17	0	0	0	2	0.23	0.32
654	2.2e-05	3.7e-06	0.0041	0.0024	0.0041	0	0.99	0	0	0	6	0.35	0.64
655	0.00057	3.3e-05	0.36	0.21	0.36	0	0.067	0	0	0	2	0.23	0.32
656	0	0.057	0.37	0.21	0.37	0	0	0	0	0	2	0.23	0.32
657	0.035	0.11	0.33	0.19	0.33	5.6e-06	0.016	0	0	0	2	0.23	0.32
658	0	0.018	0.38	0.22	0.38	0	0	0	0	0	2	0.23	0.32
659	7e-06	0.0085	0.38	0.22	0.38	0	0	0	0	0	2	0.23	0.32
660	0.0077	0.54	0.17	0.098	0.17	0.00059	0.016	0	0	0	1	0.23	0.44
661	0	0	0.091	0.053	0.091	0	0	0	0.76	0	8	0	0.21
662	0.038	0.14	0.3	0.17	0.3	3.2e-05	0.059	0	0	0	2	0.23	0.32
663	0.57	0	0.17	0.097	0.17	0	0	0	0	0	0	0.41	0.48
664	0	0.0018	0.39	0.22	0.39	0	0	0	0.0025	0	2	0.23	0.32
665	0	0.00045	0.31	0.18	0.31	0	0	0	0.2	0	2	0.23	0.32
666	0.12	0.012	0.32	0.18	0.32	0	0.048	0	0	0	2	0.23	0.32
667	7.1e-06	0.0055	0.064	0.037	0.064	0	0.83	0	0	0	6	0.35	0.64
668	0.033	0.44	0.2	0.11	0.2	0	0.027	0	0	0	1	0.23	0.44
669	0.73	0.13	0.029	0.017	0.029	0	0.062	0	0	0	0	0.41	0.48
670	1.7e-05	0.72	0.11	0.061	0.11	0	0.0061	0	0	0	1	0.23	0.44
671	0.0029	3e-05	0.29	0.17	0.29	0	0.26	0	0	0	2	0.23	0.32
672	0	7.8e-06	0.39	0.22	0.39	4.3e-05	0.0001	0	0	0	2	0.23	0.32
673	0.00023	0.0085	0.34	0.2	0.34	0	0.12	0	0	0	2	0.23	0.32
674	0.00029	0.041	0.37	0.21	0.37	0	0.0043	0	0	0	2	0.23	0.32
675	0.1	0.068	0.25	0.14	0.25	0	0.2	0	0	0	2	0.23	0.32
676	0.00029	0.047	0.36	0.21	0.36	0	0.016	0	0	0	2	0.23	0.32
677	1.5e-05	0.021	0.38	0.22	0.38	0	6.2e-05	0	0	0	2	0.23	0.32
678	0.00062	0	0	0	0	0	0	0	0	1	9	0.23	0.071
679	0.0035	0.0058	0.38	0.22	0.38	0	0.00078	0	0	6.4e-06	2	0.23	0.32
680	0.05	0.0004	0.36	0.21	0.36	0	0.025	0	0	0	2	0.23	0.32
681	0.083	0.56	0.041	0.024	0.041	0	0.26	0	0	0	1	0.23	0.44
682	0	0.011	0.38	0.22	0.38	0	0.011	0	0	0	2	0.23	0.32
683	0.0022	0.43	0.19	0.11	0.19	0	0.086	0	0	0	1	0.23	0.44
684	1e-05	0.0024	0.37	0.22	0.37	0	0.035	0	0	0	2	0.23	0.32
685	0.061	0.002	0.36	0.21	0.36	0	0.01	0	0	0	2	0.23	0.32
686	0.017	0.57	0.16	0.09	0.16	2e-06	0.014	0	0	0	1	0.23	0.44
687	0.00097	0.75	0.095	0.055	0.095	0	6.2e-05	0	0	0	1	0.23	0.44
688	0	0.0024	0.39	0.22	0.39	0	0	0	0	0	2	0.23	0.32
689	3.4e-05	0.03	0.38	0.22	0.38	0	0	0	0	0	2	0.23	0.32
690	8.4e-05	0.0092	0.38	0.22	0.38	0	0	0	0	0	2	0.23	0.32
691	0	0	0.39	0.22	0.39	0	0	0	0	0	2	0.23	0.32
692	0	0.0019	0.39	0.22	0.39	0	0	0	0	0	2	0.23	0.32
693	0.00052	0.091	0.35	0.2	0.35	0	2.1e-05	0	0	0	2	0.23	0.32
694	0	0.0038	0.39	0.22	0.39	0	0	0	0	0	2	0.23	0.32
695	0	1.5e-05	0.39	0.22	0.39	0	0	0	0	0	2	0.23	0.32
696	0.00012	0.059	0.36	0.21	0.36	0	0	0	0	0	2	0.23	0.32
697	0.00046	0.032	0.37	0.22	0.37	0	2.8e-05	0	0	0	2	0.23	0.32
698	0.018	0.0001	0.37	0.22	0.37	0	0.024	0	0	0	2	0.23	0.32
699	0.014	0.00059	0.37	0.22	0.37	0	0.023	0	0	0	2	0.23	0.32
700	0	0.00017	0.39	0.22	0.39	0	0	0	0	0	2	0.23	0.32
701	0	0	0	0	0	0	0	0	1	0	8	0	0.21
702	0.00022	0.085	0.35	0.21	0.35	0	2e-06	0	0	0	2	0.23	0.32
703	0.0025	0.035	0.37	0.22	0.37	0	1.8e-05	0	0	0	2	0.23	0.32
704	0.00016	0.38	0.24	0.14	0.24	0	0	0	0	0	1	0.23	0.44
705	1.3e-05	0.0022	0.39	0.22	0.39	0	0	0	0	0	2	0.23	0.32
706	0.056	0.2	0.27	0.16	0.27	6.5e-06	0.047	0	0	0	2	0.23	0.32
707	0.02	1.8e-06	0.039	0.023	0.039	0	0.88	0	0	0	6	0.35	0.64
708	0.0013	0.00015	0.39	0.22	0.39	0	0.00076	0	0	0	2	0.23	0.32
709	0.00021	0.00031	0.39	0.22	0.39	0	0.0012	0	0	0	2	0.23	0.32
710	0.0047	0.025	0.37	0.22	0.37	0	0.0076	0	0	0	2	0.23	0.32
711	0	0.0031	0.39	0.22	0.39	0	0	0	0	0	2	0.23	0.32
712	0.00035	0.017	0.38	0.22	0.38	0	0	0	0	0	2	0.23	0.32
713	0.00076	0.027	0.38	0.22	0.38	0	0	0	0	0	2	0.23	0.32
714	0	6.1e-05	0.37	0.21	0.37	0	0.043	0	0	0	2	0.23	0.32
715	0.00047	0.00012	0.35	0.2	0.35	0	0.1	0	0	0	2	0.23	0.32
716	0.006	0.00083	0.38	0.22	0.38	0	0.0011	0	0	0	2	0.23	0.32
717	7.1e-05	0.18	0.22	0.13	0.22	6.3e-06	0.25	0	0	0	6	0.35	0.64
718	0.00043	0.034	0.36	0.21	0.36	0	0.024	0	0	0	2	0.23	0.32
719	0	0.066	0.36	0.21	0.36	0	0	0	0	0	2	0.23	0.32
720	0.0082	0.014	0.37	0.22	0.37	0	0.017	0	0	0	2	0.23	0.32
721	0	0.054	0.37	0.21	0.37	0	0	0	0	0	2	0.23	0.32
722	0	0.00031	0.39	0.22	0.39	0	0	0	0	0	2	0.23	0.32
723	0	0	0	0	0	0	0	1	0	0	7	0.13	0
724	0.0046	0.032	0.35	0.2	0.35	0	0.062	0	0	0	2	0.23	0.32
725	0.00014	0.0076	0.38	0.22	0.38	0	0.0072	0	0	0	2	0.23	0.32
726	0.014	0.0067	0.36	0.21	0.36	0	0.049	0	0	1e-05	2	0.23	0.32
727	6.2e-06	0.0028	0.39	0.22	0.39	0.00011	0.00057	0	0	0	2	0.23	0.32
728	4.2e-06	0.0017	0.38	0.22	0.38	0	0.012	0	0	0	2	0.23	0.32
729	0	0	7.2e-06	4.2e-06	7.2e-06	0	0	0	1	0	8	0	0.21
730	0.25	0.00078	0.24	0.14	0.24	0	0.13	0	0	0	0	0.41	0.48
731	0	0.67	0.13	0.074	0.13	0	0	0	0	0	1	0.23	0.44
732	0	0	0	0	0	0	0	0	1	0	8	0	0.21
733	0.00012	0.02	0.38	0.22	0.38	8.9e-05	0.0019	0	0	0	2	0.23	0.32
734	0.12	0.16	0.27	0.16	0.27	0	0.014	0	0	0	2	0.23	0.32
735	0.42	0.026	0.21	0.12	0.21	0	0.00025	0	0	0	0	0.41	0.48
736	0.21	0.071	0.25	0.15	0.25	3.6e-05	0.063	0	0	0	2	0.23	0.32
737	0.014	0.00079	0.38	0.22	0.38	0	0.014	0	0	0	2	0.23	0.32
738	0.099	0.13	0.29	0.17	0.29	1e-06	0.025	0	0	0	2	0.23	0.32
739	0.0013	0.021	0.38	0.22	0.38	0	0	0	0	0	2	0.23	0.32
740	0	0	0	0	0	0	0	0	0	1	9	0.23	0.071
741	4.4e-06	0.45	0.21	0.12	0.21	0	0.0018	0	0	0	1	0.23	0.44
742	0	0	0	0	0	0	0	1	0	4.7e-06	7	0.13	0
743	0.0092	0.13	0.31	0.18	0.31	9.6e-06	0.067	0	0	0	2	0.23	0.32
744	0.01	0.18	0.3	0.17	0.3	0.0021	0.034	0	0	0	2	0.23	0.32
745	0.00019	0.043	0.11	0.065	0.11	0	0.67	0	0	0	6	0.35	0.64
746	0	4.2e-05	0.39	0.22	0.39	0	0	0	0	0	2	0.23	0.32
747	0.01	0.026	0.33	0.19	0.33	0	0.12	0	0	0	2	0.23	0.32
748	0.55	0	0.17	0.1	0.17	0	0.0069	0	0	0	0	0.41	0.48
749	0	0.051	0.37	0.21	0.37	0	0.00031	0	0	0	2	0.23	0.32
750	0.086	0.26	0.25	0.15	0.25	0	0.00034	0	0	0	1	0.23	0.44
751	0.52	0.47	0.0019	0.0011	0.0019	0	0	0	0	0	0	0.41	0.48
752	0	0	0	0	0	0	0	0	0	1	9	0.23	0.071
753	0.21	0.18	0.21	0.12	0.21	1.3e-06	0.056	0	0	0	2	0.23	0.32
754	0.075	0.14	0.19	0.11	0.19	5.8e-06	0.3	0	0	0	6	0.35	0.64
755	0.64	0.36	0.00017	9.9e-05	0.00017	0	0	0	0	0	0	0.41	0.48
756	0.82	0.078	0.038	0.022	0.038	0	0.0069	0	0	0	0	0.41	0.48
757	0.47	0.3	0.051	0.03	0.051	0	0.1	0	0	0	0	0.41	0.48
758	0.06	0.18	0.29	0.17	0.29	0	0	0	0	0	2	0.23	0.32
759	0.29	0.41	0.11	0.063	0.11	0	0.014	0	0	0	1	0.23	0.44
760	0.00053	0.99	0.0047	0.0027	0.0047	0	0	0	0	0	1	0.23	0.44
761	9.5e-05	0.75	0.096	0.056	0.096	0	0.00021	0	0	0	1	0.23	0.44
762	0	0	0	0	0	0	0	0	0	1	9	0.23	0.071
763	0.47	0.53	0.00033	0.00019	0.00033	0	3.9e-06	0	0	0	1	0.23	0.44
764	0.023	0.091	0.34	0.2	0.34	0	1.5e-05	0	0	0	2	0.23	0.32
765	0	0	0.38	0.22	0.38	0	0	0	0.011	0	2	0.23	0.32
766	0.046	0.083	0.34	0.2	0.34	0	2.3e-05	0	0	0	2	0.23	0.32
767	0.39	0.25	0.13	0.073	0.13	0	0.039	0	0	0	0	0.41	0.48
768	0.049	0.21	0.29	0.17	0.29	0	1e-06	0	0	0	2	0.23	0.32
769	0	0.00011	0.39	0.22	0.39	0	0	0	0	0	2	0.23	0.32
770	0.038	0.18	0.28	0.16	0.28	1.9e-05	0.053	0	0	0	2	0.23	0.32
771	0.019	0.035	0.34	0.2	0.34	3.4e-05	0.075	0	0	0	2	0.23	0.32
772	0.96	0.037	0.0014	0.00082	0.0014	0	0.0017	0	0	0	0	0.41	0.48
773	0	0	0	0	0	0	0	0	0	1	9	0.23	0.071
774	4.2e-05	0.13	0.31	0.18	0.31	0	0.066	0	0	0	2	0.23	0.32
775	0	0	0	0	0	0	0	0	0	1	9	0.23	0.071
776	0.0015	2.6e-05	0.39	0.22	0.39	0	0	0	0	0	2	0.23	0.32
777	0.3	0.15	0.16	0.095	0.16	0	0.12	0	0	0	0	0.41	0.48
778	0.34	0.62	0.016	0.0091	0.016	0	0.00011	0	0	0	1	0.23	0.44
779	0.0022	0.011	0.33	0.19	0.33	1.5e-06	0.15	0	0	0	2	0.23	0.32
780	0.056	0.15	0.31	0.18	0.31	0	0	0	0	0	2	0.23	0.32
781	0.0027	0.0086	0.37	0.22	0.37	1.1e-06	0.032	0	0	0	2	0.23	0.32
782	0.0018	0.011	0.37	0.22	0.37	2e-06	0.029	0	0	0	2	0.23	0.32
783	0.091	0.1	0.25	0.15	0.25	0.00048	0.15	0	0	0	2	0.23	0.32
784	0.012	0.018	0.2	0.12	0.2	3.6e-06	0.45	0	0	0	6	0.35	0.64
785	0.022	0.056	0.36	0.21	0.36	0	0.00056	0	0	0	2	0.23	0.32
786	0.35	0.38	0.11	0.062	0.11	0	2e-05	0	0	0	1	0.23	0.44
787	0.22	0.14	0.24	0.14	0.24	0	0.029	0	0	0	2	0.23	0.32
788	0	3.7e-06	0.38	0.22	0.38	0	0	0	0.014	0	2	0.23	0.32
789	0.0062	0.017	0.34	0.2	0.34	0	0.093	0	0	0	2	0.23	0.32
790	0.37	0.022	0.22	0.13	0.22	0	0.053	0	0	0	0	0.41	0.48
791	0.017	0.014	0.37	0.21	0.37	0	0.025	0	0	0	2	0.23	0.32
792	0.014	0.0061	0.34	0.2	0.34	0	0.09	0	0	0	2	0.23	0.32
793	0	0	8.9e-05	5.2e-05	8.9e-05	0	0	0	0.74	0.26	8	0	0.21
794	9.7e-06	0.028	0.076	0.044	0.076	0	0.77	0	0	0	6	0.35	0.64
795	0.00037	0.0074	0.38	0.22	0.38	0	0.023	0	0	0	2	0.23	0.32
796	0.01	0	0	0	0	0	0	0	0	0.99	9	0.23	0.071
797	0.025	0.062	0.34	0.19	0.34	0	0.047	0	0	0	2	0.23	0.32
798	6.8e-05	0.0022	0.39	0.22	0.39	0	0	0	0	0	2	0.23	0.32
799	0.0017	0.052	0.33	0.19	0.33	0	0.087	0	0	0	2	0.23	0.32
800	0.0037	0.15	0.31	0.18	0.31	0.00015	0.052	0	0	0	2	0.23	0.32
801	0	0	0	0	0	0	0	0	0	1	9	0.23	0.071
802	0.0027	0.17	0.32	0.19	0.32	2.4e-05	0.0021	0	0	0	2	0.23	0.32
803	0.0015	0.075	0.36	0.21	0.36	0	0	0	0	0	2	0.23	0.32
804	0.011	0.049	0.36	0.21	0.36	0	3.8e-05	0	0	0	2	0.23	0.32
805	0.018	0.024	0.32	0.19	0.32	0	0.13	0	0	0	2	0.23	0.32
806	0.0053	0.12	0.33	0.19	0.33	0	0.025	0	0	0	2	0.23	0.32
807	0.033	0.034	0.34	0.19	0.34	0	0.066	0	0	0	2	0.23	0.32
808	0.00081	0.85	0.056	0.033	0.056	0	0.0015	0	0	0	1	0.23	0.44
809	0.00092	0.0001	0.14	0.079	0.14	0.00038	0.65	0	0	0	6	0.35	0.64
810	0.56	0.41	0.0076	0.0044	0.0076	0.0093	1.4e-05	0	0	0	0	0.41	0.48
811	0.08	0.16	0.29	0.17	0.29	0	0.0012	0	0	0	2	0.23	0.32
812	0.019	0.065	0.35	0.2	0.35	2.5e-05	0.023	0	0	0	2	0.23	0.32
813	0.035	0.17	0.31	0.18	0.31	0	0.00038	0	0	0	2	0.23	0.32
814	0.0018	0.013	0.35	0.21	0.35	4.6e-06	0.07	0	0	0	2	0.23	0.32
815	0.091	0.079	0.21	0.12	0.21	0.00088	0.29	0	0	0	6	0.35	0.64
816	0.0012	0.0058	0.38	0.22	0.38	0	0	0	0	0	2	0.23	0.32
817	7.3e-05	0.019	0.38	0.22	0.38	0	0	0	0	0	2	0.23	0.32
818	0.0028	0.11	0.34	0.2	0.34	0	0	0	0	0	2	0.23	0.32
819	8.4e-05	0.0013	0.39	0.22	0.39	0	0	0	0	0	2	0.23	0.32
820	0.00057	0.0037	0.39	0.22	0.39	0	0	0	0	0	2	0.23	0.32
821	3.9e-05	0.0016	0.39	0.22	0.39	0	0	0	0	0	2	0.23	0.32
822	0.078	0.13	0.3	0.18	0.3	0	0.011	0	0	0	2	0.23	0.32
823	3.2e-06	3.9e-05	0.045	0.026	0.045	0	0	0	0	0.88	9	0.23	0.071
824	0.26	0.018	0.11	0.064	0.11	0	0.44	0	0	0	6	0.35	0.64
825	0.017	0.012	0.34	0.2	0.34	0	0.092	0	0	0	2	0.23	0.32
826	0.01	0.045	0.37	0.21	0.37	0	0.0011	0	0	0	2	0.23	0.32
827	0.47	0.37	0.062	0.036	0.062	0	0.0047	0	0	0	0	0.41	0.48
828	0.08	0.042	0.3	0.17	0.3	2.8e-06	0.11	0	0	0	2	0.23	0.32
829	0	0.00094	0.39	0.22	0.39	0	0	0	0	0	2	0.23	0.32
830	0.00061	0.026	0.052	0.03	0.052	5.3e-05	0.84	0	0	0	6	0.35	0.64
831	0.0041	0.51	0.19	0.11	0.19	0	0	0	0	0	1	0.23	0.44
832	7.5e-05	0.018	0.38	0.22	0.38	0	0	0	0	0	2	0.23	0.32
833	0.3	0.28	0.15	0.086	0.15	0	0.032	0	0	0	0	0.41	0.48
834	3.7e-05	0.025	0.26	0.15	0.26	0	0.29	0	0	0	6	0.35	0.64
835	0.051	0.077	0.33	0.19	0.33	0	0.02	0	0	0	2	0.23	0.32
836	0	0	0.0094	0.0054	0.0094	0	0	0	0.98	0	8	0	0.21
837	0	0.019	0.33	0.19	0.33	0	0.12	0	0	0	2	0.23	0.32
838	0.00024	0.25	0.27	0.16	0.27	0	0.05	0	0	0	2	0.23	0.32
839	6.5e-05	0.0003	0.03	0.017	0.03	0	0.92	0	0	0	6	0.35	0.64
840	0.00039	0.025	0.38	0.22	0.38	0	0.00024	0	0	0	2	0.23	0.32
841	0.00059	0.0017	0.26	0.15	0.26	0	0.34	0	0	0	6	0.35	0.64
842	5e-05	0.00042	0.39	0.22	0.39	0.00044	0.0001	0	0	0	2	0.23	0.32
843	0.00059	0.3	0.27	0.16	0.27	0	0.0042	0	0	0	1	0.23	0.44
844	0.011	0.002	0.34	0.2	0.34	0	0.12	0	0	0	2	0.23	0.32
845	0.39	0.016	0.22	0.13	0.22	0	0.036	0	0	0	0	0.41	0.48
846	0.031	0.19	0.28	0.16	0.28	2.1e-05	0.061	0	0	0	2	0.23	0.32
847	0.0073	0.0051	0.37	0.21	0.37	0	0.035	0	0	0	2	0.23	0.32
848	0.001	0.016	0.38	0.22	0.38	0	2.9e-05	0	0	8.4e-06	2	0.23	0.32
849	9e-05	0.3	0.25	0.15	0.25	0	0.05	0	0	0	1	0.23	0.44
850	1.5e-06	0.0037	0.39	0.22	0.39	0	0	0	0	0	2	0.23	0.32
851	0	0	0	0	0	0	0	0	1	0	8	0	0.21
852	0	0.49	0.2	0.11	0.2	0	0.0014	0	0	0	1	0.23	0.44
853	0.097	0.0029	0.27	0.16	0.27	0	0.2	0	0	0	2	0.23	0.32
854	0	0	0	0	0	0	0	1	0	0	7	0.13	0
855	0.73	0.11	0.038	0.022	0.038	0	0.063	0	0	0	0	0.41	0.48
856	0.3	0.0067	0.26	0.15	0.26	0	0.031	0	0	0	0	0.41	0.48
857	0.0027	0.035	0.37	0.21	0.37	0	0.0092	0	0	0	2	0.23	0.32
858	0.0027	0.0018	0.38	0.22	0.38	0	0.014	0	0	0	2	0.23	0.32
859	0.054	0.12	0.31	0.18	0.31	0	0.022	0	0	0	2	0.23	0.32
860	0.035	0.36	0.23	0.13	0.23	0	0.0057	0	0	0	1	0.23	0.44
861	0.0047	0.09	0.29	0.17	0.29	0	0.16	0	0	0	2	0.23	0.32
862	0.01	0.081	0.34	0.2	0.34	0	0.022	0	0	0	2	0.23	0.32
863	0	0	0	0	0	0	0	0	0	1	9	0.23	0.071
864	9.3e-06	0.059	0.36	0.21	0.36	0	0.0027	0	0	0	2	0.23	0.32
865	0.45	0	0.21	0.12	0.21	0	0.002	0	0	0	0	0.41	0.48
866	0.028	0.047	0.34	0.2	0.34	0	0.054	0	0	0	2	0.23	0.32
867	0.0023	0.0076	0.37	0.21	0.37	0	0.04	0	0	0	2	0.23	0.32
868	0.0036	0.46	6.6e-05	3.8e-05	6.6e-05	0	0	0	0	0.53	9	0.23	0.071
869	0	0.7	0	0	0	0	0	0	0	0.3	1	0.23	0.44
870	6.1e-05	1	0	0	0	0	0	0	0	0.00029	1	0.23	0.44
871	0.91	0.0026	0.011	0.0063	0.011	0.0053	0.057	0	0	0	0	0.41	0.48
872	0.0012	0.47	0	0	0	0	0	0	0	0.53	9	0.23	0.071
873	0.0017	0.0055	0.34	0.2	0.34	0.00013	0.11	0	0	0	2	0.23	0.32
874	0	0	0	0	0	0	0	0	1	0	8	0	0.21
875	0.001	0.029	0.38	0.22	0.38	0	0	0	0	0	2	0.23	0.32
876	0.015	0.00048	0.3	0.17	0.3	0	0.22	0	0	0	2	0.23	0.32
877	0.78	0.058	0.049	0.029	0.049	0	0.035	0	0	0	0	0.41	0.48
878	0	0	0	0	0	0	0	0	1	0	8	0	0.21
879	0.00066	9.4e-05	0.39	0.22	0.39	0	0.00066	0	0	0	2	0.23	0.32
880	0.12	0.00056	0.34	0.2	0.34	0	0.00073	0	0	0	2	0.23	0.32
881	0.69	0.0044	0.078	0.045	0.078	0	0.1	0	0	0	0	0.41	0.48
882	0	0	0	0	0	0	0	0	1	0	8	0	0.21
883	0.0012	0.41	0.23	0.13	0.23	0	0.00014	0	0	0	1	0.23	0.44
884	0	0	0	0	0	0	0	0	1	0	8	0	0.21
885	0	0	0	0	0	0	0	0	1	0	8	0	0.21
886	0.6	2e-05	0.16	0.09	0.16	0	0.0019	0	0	0	0	0.41	0.48
887	0	0.00015	0.39	0.22	0.39	0	0	0	0	0	2	0.23	0.32
888	0.00022	0.04	0.37	0.22	0.37	0	3.7e-06	0	0	0	2	0.23	0.32
889	0.00057	0.05	0.37	0.21	0.37	0	0.00011	0	0	8.9e-05	2	0.23	0.32
890	0	0.0001	0.39	0.22	0.39	0	0	0	0	0	2	0.23	0.32
891	0	0.00023	0.39	0.22	0.39	0	0	0	0	0	2	0.23	0.32
892	0	0.00068	0.39	0.22	0.39	0	0	0	0	0	2	0.23	0.32
893	0	0.0024	0.39	0.22	0.39	0	0	0	0	0	2	0.23	0.32
894	0	0.32	0.26	0.15	0.26	0	0	0	0	0	1	0.23	0.44
895	0.002	0.071	0.36	0.21	0.36	1.4e-06	0.00079	0	0	0.00066	2	0.23	0.32
896	0	0.00061	0.39	0.22	0.39	0	0	0	0	0	2	0.23	0.32
897	0	0.007	0.38	0.22	0.38	0	0	0	0	0	2	0.23	0.32
898	0.051	0.17	0.3	0.18	0.3	0	0.0019	0	0	0	2	0.23	0.32
899	0	0.00081	0.39	0.22	0.39	0	0	0	0	0	2	0.23	0.32
900	0.00026	0.00045	0.33	0.19	0.33	0	0.15	0	0	0	2	0.23	0.32
901	1	0.0012	7.8e-05	4.5e-05	7.8e-05	0	0	0	0	0	0	0.41	0.48
902	0	0	0	0	0	0	0	0	1	0	8	0	0.21
903	0.78	0.19	0.00019	0.00011	0.00019	0	0.026	0	0	0	0	0.41	0.48
904	0	0.018	0.38	0.22	0.38	0	0.0011	0	0	0	2	0.23	0.32
905	0	0	0	0	0	0	0	1	0	0	7	0.13	0
906	0.016	0.28	0.27	0.16	0.27	0	0.0031	0	0	0	1	0.23	0.44
907	0	0.00011	0.39	0.22	0.39	0	0	0	0	0	2	0.23	0.32
908	0	0.00085	0.39	0.22	0.39	0	0	0	0	0	2	0.23	0.32
909	0.076	7.7e-05	0.35	0.21	0.35	0	0.0098	0	0	0	2	0.23	0.32
910	0	0.00018	0.39	0.22	0.39	0	0	0	0	0	2	0.23	0.32
911	0.19	0.51	0.11	0.063	0.11	0	0.026	0	0	0	1	0.23	0.44
912	0.00014	2.6e-05	0.38	0.22	0.38	0	0.0069	0	0	0	2	0.23	0.32
913	0.0068	0	0	0	0	0	0.99	0	0	0	6	0.35	0.64
914	0.098	0.064	0.31	0.18	0.31	0	0.035	0	0	0	2	0.23	0.32
915	0	0.033	0.37	0.22	0.37	0	0	0	0	0	2	0.23	0.32
916	0	0.99	0.0044	0.0025	0.0044	0	0	0	0	0	1	0.23	0.44
917	0	0.96	0.016	0.0096	0.016	0	0	0	0	0	1	0.23	0.44
918	0.02	0.062	0.27	0.15	0.27	0.00013	0.23	0	0	0	2	0.23	0.32
919	0.22	0.25	0.004	0.0023	0.004	0.013	0.5	0	0	0	6	0.35	0.64
920	0.021	0.11	0.3	0.17	0.3	0.00018	0.095	0	0	0	2	0.23	0.32
921	0	1	0.0013	0.00076	0.0013	0	0	0	0	0	1	0.23	0.44
922	0	0.99	0.0022	0.0013	0.0022	0	0	0	0	0	1	0.23	0.44
923	0	0.018	0.38	0.22	0.38	0	0	0	0.0012	0	2	0.23	0.32
924	0.00013	0.0002	0.056	0.032	0.056	0	0.86	0	0	0	6	0.35	0.64
925	0	0	0	0	0	0	0	0	1.2e-05	1	9	0.23	0.071
926	8.3e-05	0.0018	0.39	0.22	0.39	0	0	0	0	0	2	0.23	0.32
927	0	0.075	0.36	0.21	0.36	0	0	0	0.0023	0	2	0.23	0.32
928	0.082	0.32	0.21	0.12	0.21	0.0017	0.046	0	0	0	1	0.23	0.44
929	0	0.002	0.38	0.22	0.38	0	0.005	0	0	0	2	0.23	0.32
930	0	0.87	0.051	0.03	0.051	0	0	0	0	0	1	0.23	0.44
931	0	0.065	0.36	0.21	0.36	0	0	0	0.00067	0	2	0.23	0.32
932	0	0.022	0.38	0.22	0.38	0	0	0	0.0027	0	2	0.23	0.32
933	0.00093	0.029	0.37	0.21	0.37	4.4e-06	0.024	0	0	0	2	0.23	0.32
934	0.12	0.12	0.25	0.15	0.25	0.0001	0.11	0	0	0	2	0.23	0.32
935	0.014	0.0062	0.3	0.18	0.3	0	0.2	0	0	0	2	0.23	0.32
936	0	7.1e-06	0.39	0.22	0.39	0	0	0	7.7e-05	0	2	0.23	0.32
937	0	0.32	0.26	0.15	0.26	0	4.7e-06	0	0	0	1	0.23	0.44
938	0	0	0.0055	0.0032	0.0055	0	0	0	0.99	0	8	0	0.21
939	0	0.15	0.33	0.19	0.33	0	0	0	0.00014	0	2	0.23	0.32
940	0.011	0.0012	0.17	0.1	0.17	0	0.54	0	0	0	6	0.35	0.64
941	0.43	0.031	0.071	0.041	0.071	0	0.35	0	0	0	0	0.41	0.48
942	7.2e-05	0.093	0.35	0.2	0.35	6.6e-05	0.0013	0	0	0	2	0.23	0.32
943	0	0.0018	0.29	0.17	0.29	0	0	0	0.25	0.0013	2	0.23	0.32
944	0	1	0.00031	0.00018	0.00031	0	0	0	0	0	1	0.23	0.44
945	0.005	0.012	0.28	0.16	0.28	3.4e-06	0.26	0	0	0	2	0.23	0.32
946	0.0056	0.12	0.33	0.19	0.33	4e-05	0.0078	0	0	0	2	0.23	0.32
947	0	0.33	0.26	0.15	0.26	0	0	0	0	0	1	0.23	0.44
948	0	0	0	0	0	0	0	0	1	0	8	0	0.21
949	0.0061	0.15	0.32	0.19	0.32	0	0.0099	0	0	0	2	0.23	0.32
950	0	0	0	0	0	0	0	0	1	0	8	0	0.21
951	0	0.026	0.38	0.22	0.38	0	6.8e-06	0	0	0	2	0.23	0.32
952	7.2e-06	0.09	0.35	0.2	0.35	0	0.00012	0	0	0	2	0.23	0.32
953	0	0	0	0	0	0	0	0	1	0	8	0	0.21
954	0.021	0.024	0.34	0.2	0.34	0	0.086	0	0	0	2	0.23	0.32
955	0.87	0.13	0.00012	6.8e-05	0.00012	0	0.00067	0	0	0	0	0.41	0.48
956	0.04	0.52	0.17	0.098	0.17	0	0.00028	0	0	0	1	0.23	0.44
957	1.4e-05	0.014	0.38	0.22	0.38	0	0.00079	0	0	0	2	0.23	0.32
958	0.0067	0.021	0.36	0.21	0.36	0	0.053	0	0	0	2	0.23	0.32
959	0.0059	0.017	0.32	0.19	0.32	0	0.14	0	0	0	2	0.23	0.32
960	0.00022	0.52	0.19	0.11	0.19	0	0.00056	0	0	0	1	0.23	0.44
961	0	0.019	0.38	0.22	0.38	0	2.8e-06	0	0	0	2	0.23	0.32
962	0.029	0.15	0.31	0.18	0.31	0	0.01	0	0	0	2	0.23	0.32
963	0	5.5e-05	0.39	0.22	0.39	0	4e-05	0	0	0	2	0.23	0.32
964	0.00029	0.33	0.26	0.15	0.26	0	3.3e-05	0	0	0	1	0.23	0.44
965	0.0032	0.17	0.32	0.19	0.32	0	0.0064	0	0	0	2	0.23	0.32
966	0	0	0	0	0	0	0	0	1	0	8	0	0.21
967	0.0003	0.00024	0.39	0.22	0.39	0	0.00036	0	0	0	2	0.23	0.32
968	0.28	0.23	0.14	0.081	0.14	0	0.13	0	0	0	0	0.41	0.48
969	0.032	0.092	0.32	0.19	0.32	8.1e-05	0.051	0	0	0	2	0.23	0.32
970	0.096	0.16	0.26	0.15	0.26	0	0.07	0	0	0	2	0.23	0.32
971	2.3e-05	0.072	0.36	0.21	0.36	0	3.5e-06	0	0	0	2	0.23	0.32
972	4e-05	0.2	0.31	0.18	0.31	0	0.0002	0	0	0	2	0.23	0.32
973	0.0079	0.053	0.36	0.21	0.36	0	0.022	0	0	0	2	0.23	0.32
974	0	1	0.00064	0.00037	0.00064	0	0	0	0	0	1	0.23	0.44
975	1.5e-05	0.99	0.0032	0.0019	0.0032	0	3.1e-06	0	0	0	1	0.23	0.44
976	0.021	0.065	0.34	0.2	0.34	0	0.04	0	0	0	2	0.23	0.32
977	7.2e-06	0.0067	0.39	0.22	0.39	0	0	0	0	0	2	0.23	0.32
978	0.00078	0.82	0.067	0.039	0.067	0	0.0003	0	0	0	1	0.23	0.44
979	0	0	0	0	0	0	0	0	1	0	8	0	0.21
980	0.0037	0.41	0.23	0.13	0.23	0	0.0011	0	0	0	1	0.23	0.44
981	1.9e-05	0.033	0.37	0.22	0.37	0	0.00045	0	0	0	2	0.23	0.32
982	0	0.00026	0.39	0.22	0.39	0	3.3e-06	0	0	0	2	0.23	0.32
983	0	2.4e-06	0.39	0.22	0.39	0	0	0	0	0	2	0.23	0.32
984	8e-06	0.0029	0.39	0.22	0.39	0	2.9e-05	0	0	0	2	0.23	0.32
985	1.4e-05	0.094	0.35	0.2	0.35	0	1e-05	0	0	0	2	0.23	0.32
986	0.1	0.22	0.26	0.15	0.26	0	0.019	0	0	0	2	0.23	0.32
987	0.069	0.93	6.2e-05	3.6e-05	6.2e-05	0	6e-05	0	0	0	1	0.23	0.44
988	0.26	0.26	0.075	0.044	0.075	0.00017	0.28	0	0	0	6	0.35	0.64
989	0	0.0075	0.38	0.22	0.38	0	3.3e-05	0	0	0	2	0.23	0.32
990	6.8e-06	0.15	0.33	0.19	0.33	0	0	0	0	0	2	0.23	0.32
991	0.048	0.085	0.31	0.18	0.31	0	0.076	0	0	0	2	0.23	0.32
992	0.084	0.18	0.27	0.16	0.27	0	0.032	0	0	0	2	0.23	0.32
993	0	0	0	0	0	0	0	0	1	0	8	0	0.21
994	3.2e-06	0.89	0.041	0.024	0.041	0	8.7e-06	0	0	0	1	0.23	0.44
995	0.00026	0.02	0.38	0.22	0.38	0	0.0066	0	0	0	2	0.23	0.32
996	1.7e-05	0.0093	0.38	0.22	0.38	0	0.001	0	0	0	2	0.23	0.32
997	0.0013	0.0058	0.32	0.18	0.32	0	0.17	0	0	0	2	0.23	0.32
998	0.045	0.74	0.08	0.046	0.08	0	0.0066	0	0	0	1	0.23	0.44
999	6.5e-06	0.0052	0.39	0.22	0.39	0	0	0	0	0	2	0.23	0.32
1000	0.023	0.064	0.33	0.19	0.33	0	0.06	0	0	0	2	0.23	0.32
1001	0.095	0.18	0.21	0.12	0.21	0	0.17	0	0	0	2	0.23	0.32
1002	0.019	0.0034	0.38	0.22	0.38	0	0.0052	0	0	0	2	0.23	0.32
1003	0	0.0018	0.39	0.22	0.39	0	0.00026	0	0	0	2	0.23	0.32
1004	0	0	0	0	0	0	0	0	1	0	8	0	0.21
1005	0.023	0.45	0.2	0.12	0.2	0	0.0049	0	0	0	1	0.23	0.44
1006	0.0088	0.068	0.35	0.2	0.35	0	0.015	0	0	0	2	0.23	0.32
1007	0.13	0.14	0.27	0.16	0.27	0	0.02	0	0	0	2	0.23	0.32
1008	0	1e-05	0.39	0.22	0.39	0	0	0	0	0	2	0.23	0.32
1009	0	0.51	0.19	0.11	0.19	0	2.4e-06	0	0	0	1	0.23	0.44
1010	4.3e-06	0.0019	0.39	0.22	0.39	0	1.3e-05	0	0	0	2	0.23	0.32
1011	0.036	0.037	0.34	0.2	0.34	0	0.047	0	0	0	2	0.23	0.32
1012	0.0064	0.04	0.36	0.21	0.36	0	0.038	0	0	0	2	0.23	0.32
1013	0.013	0.00037	0.34	0.19	0.34	0	0.12	0	0	0	2	0.23	0.32
1014	0.82	0.0024	0.066	0.038	0.066	0	0.0059	0	0	0	0	0.41	0.48
1015	0	0	6.2e-05	3.6e-05	6.2e-05	0	0	0	0	1	9	0.23	0.071
1016	0	0.95	0.021	0.012	0.021	0	0	0	0	0	1	0.23	0.44
1017	9.6e-05	0.073	0.36	0.21	0.36	0	0.001	0	0	0	2	0.23	0.32
1018	0	0.026	0.38	0.22	0.38	0	0.00014	0	0	0	2	0.23	0.32
1019	0	0.001	0.17	0.097	0.17	0	0.57	0	0	0	6	0.35	0.64
1020	0	0	0	0	0	0	0	0	1	0	8	0	0.21
1021	0.00018	0.013	0.38	0.22	0.38	0	0.0061	0	0	0	2	0.23	0.32
